이운 : [d6,  a,  28,   0,  20,  96,  96,  74,  69,  38,  42,  73,  54,   0,   0,   0,  60,   3,    0,  69, c1]

20, [ 388,  c4c,    0, 1823, 4119,  12,  22, 55, 54, 58, 52, 62, 42, 41,  0,  5f0]

20, [ 388,  c4c,    0, 1823, 4119,  12,  22, 55, 54, 58, 52, 62, 42, 41,  0,  5f0]

2D4431

가설
46 + 번호*22

고구 0 or 1 => 44 (68)

노지심
01 or 02 => 5A (90)

22

사진
02 or 03 => 70 (112)

132 (22*6)

이응
08 or 09 => F4 (244)

22

이준
09 or 0a(10) => 1a0 (266)

양웅
4d (77) => 6cc (1740)
11번땅 490 (1168), 346(838)

양전
6e (111) => 9a2 (2466)
19번땅 52a (1322)



2번째 16bit는 인물...

1번 땅 9b8 (2488)
주통 6f (111) 2442 + 46

2번 땅 11CC (4556) 205 * 22 + 46
단경주 cd (205)
시천 da (218)

15번 땅 254 (596)
왕진 19 (25) 550 + 46

6번땅 2906 = 130 * 22 + 46
공양 (130)

11번땅 838 = 36 * 22 + 46
노준의 (36)

10번땅 750 = 32 * 22 + 46
호성 (32)




7번 악화 164 * 22 + 46 = 3564 (E46)
첫번째 2바이트  15c0 (5568) 모중의 251

9번 설영 114 * 22 + 46 = 2554 (9FA)
10AE 4270 = 192 * 22 + 46 구혈

10번 이충 21 * 22 + 46 = 508
AAA (2730) => 122 장청


3번 8 =  00001000 인물있음
4번 10 = 00010000

1번째 16bit는...
기본은 지배코드와 같음

10번 9c(156) 지배코드는 120 (288) 조개 11 * 22 + 46
9c00 10011100 00000000
2001 00100000 00000001

009c 00000000 10011100
0120 00000001 00100000

        5D 04 01 00 67 04 01 00 0B 01 00 00 1C 00 12 0F 13 1C 25 27 0E 03 28 0C 29 2A 22 26 16 02 21 17 2B 06 08 00 10 2C 2D 2E 11 0D 1E 1D 2F 30 07 1F 04 0B 18 19 05 0A 1A 1B 20 01 09 14 15 23 24 00 01 FF FF FF FF FF FF 00 FF 07 01 FF 02 0D 3C 09 12 FF FF 00 00 00 00 00 00 00 00 00 00 00 00 00 00 00 00 00 00 00 00 00 00 00 00 00 00 00 01 00 00 00 00 00 00 00 00 00 00 00 00 00 00 00 00 00 00 2F 64 00 42 37 34 4E 64 00 00 00 00 00 00 00 01 00 00 00 00 00 00 00 00 00 00 00 00 00 00 00 00 00 01 01 01 01 01 01 01 01 01 00 00 01 00 00 00 00 00 00 00 00 00 01 00 00 00 00 00 00 00 00 01 00 00 01 00 00 00 00 00 00 00 00 00 00 00 00 00 00 00 00 00 00 00 00 00 00 00 00 00 00 00 00 00 00 00 00 00 00 00 00 00 00 00 00 00 00 00 00 00 00 00 00 00 00 00 00 00 00 00 00 00 00 00 00 00 00 00 00 00 00 00 00 00 00 00 00 00 00 00 00 00 00 00 00 00 00 00 00 00 00 00 00 00 00 00 00 00 00 00 00 00 00 00 00 00 00 00 00 00 00 00 00 00 00 00 00 00 00 00 00 00 00 00 00 00 00 00 00 00 00 00 00 00 00 00 00 00 00 00 00 00 00
        5D 04 01 00 67 04 01 00 0B 01 00 00 23 00 12 0F 13 1C 25 27 0E 03 28 0C 29 2A 22 26 16 02 21 17 2B 06 08 00 10 2C 2D 2E 11 0D 1E 1D 2F 30 07 1F 04 0B 18 19 05 0A 1A 1B 20 01 09 14 15 23 24 00 01 FF FF FF FF FF FF 00 FF 07 01 FF 02 0D 3C 09 12 FF FF 00 00 00 00 00 00 00 00 00 00 00 00 00 00 00 00 00 00 00 00 00 00 00 00 00 00 00 01 00 00 00 00 00 00 00 00 00 00 00 00 00 00 00 00 00 00 2F 64 00 42 37 34 4E 64 00 00 00 00 00 00 00 01 00 00 00 00 00 00 00 00 00 00 00 00 00 00 00 00 00 01 01 01 01 01 01 01 01 01 00 00 01 00 00 00 00 00 00 00 00 00 01 00 00 00 00 00 00 00 00 01 00 00 01 00 00 00 00 00 00 00 00 00 00 00 00 00 00 00 00 00 00 00 00 00 00 00 00 00 00 00 00 00 00 00 00 00 00 00 00 00 00 00 00 00 00 00 00 00 00 00 00 00 00 00 00 00 00 00 00 00 00 00 00 00 00 00 00 00 00 00 00 00 00 00 00 00 00 00 00 00 00 00 00 00 00 00 00 00 00 00 00 00 00 00 00 00 00 00 00 00 00 00 00 00 00 00 00 00 00 00 00 00 00 00 00 00 00 00 00 00 00 00 00 00 00 00 00 00 00 00 00 00 00 00 00 00 00 00 00 00 00
        5D 04 01 00 67 04 01 00 0B 01 00 00 27 00 12 0F 13 1C 25 27 0E 03 28 0C 29 2A 22 26 16 02 21 17 2B 06 08 00 10 2C 2D 2E 11 0D 1E 1D 2F 30 07 1F 04 0B 18 19 05 0A 1A 1B 20 01 09 14 15 23 24 00 01 FF FF FF FF FF FF 00 FF 07 01 FF 02 0D 3C 09 12 FF FF 00 00 00 00 00 00 00 00 00 00 00 00 00 00 00 00 00 00 00 00 00 00 00 00 00 00 00 01 00 00 00 00 00 00 00 00 00 00 00 00 00 00 00 00 00 00 2F 64 00 42 37 34 4E 64 00 00 00 00 00 00 00 01 00 00 00 00 00 00 00 00 00 00 00 00 00 00 00 00 00 01 01 01 01 01 01 01 01 01 00 00 01 00 00 00 00 00 00 00 00 00 01 00 00 00 00 00 00 00 00 01 00 00 01 00 00 00 00 00 00 00 00 00 00 00 00 00 00 00 00 00 00 00 00 00 00 00 00 00 00 00 00 00 00 00 00 00 00 00 00 00 00 00 00 00 00 00 00 00 00 00 00 00 00 00 00 00 00 00 00 00 00 00 00 00 00 00 00 00 00 00 00 00 00 00 00 00 00 00 00 00 00 00 00 00 00 00 00 00 00 00 00 00 00 00 00 00 00 00 00 00 00 00 00 00 00 00 00 00 00 00 00 00 00 00 00 00 00 00 00 00 00 00 00 00 00 00 00 00 00 00 00 00 00 00 00 00 00 00 00 00 00
 12, 20 5D 04 02 00 67 04 01 00 0B 01 00 00 0B 00 1B 1C 21 2B 08 2C 2D 2E 2F 14 30 13 15 0A 0C 00 05 0B 1A 03 04 24 11 1E 26 17 22 29 2A 01 07 0D 0F 10 02 12 16 1F 1D 0E 19 20 23 25 27 28 18 06 09 00 01 FF FF FF FF FF FF 00 FF 07 01 FF 02 0D 3C 09 12 FF FF 00 00 00 00 00 00 00 00 00 00 00 00 00 00 00 00 00 00 00 00 00 00 00 00 00 00 00 01 00 00 00 00 00 00 00 00 00 00 00 00 00 00 00 00 00 00 2F 64 00 42 37 34 4E 64 00 00 00 00 00 00 00 01 00 00 00 00 00 00 00 00 00 00 00 00 00 00 00 00 00 01 01 01 01 01 01 01 01 01 00 00 01 00 00 00 00 00 00 00 00 00 01 00 00 00 00 00 00 00 00 01 00 00 01 00 00 00 00 00 00 00 00 00 00 00 00 00 00 00 00 00 00 00 00 00 00 00 00 00 00 00 00 00 00 00 00 00 00 00 00 00 00 00 00 00 00 00 00 00 00 00 00 00 00 00 00 00 00 00 00 00 00 00 00 00 00 00 00 00 00 00 00 00 00 00 00 00 00 00 00 00 00 00 00 00 00 00 00 00 00 00 00 00 00 00 00 00 00 00 00 00 00 00 00 00 00 00 00 00 00 00 00 00 00 00 00 00 00 00 00 00 00 00 00 00 00 00 00 00 00 00 00 00 00 00 00 00 00 00 00 00 00
 14, 11 5D 04 02 00 67 04 01 00 0B 01 00 00 0D 00 1B 1C 21 2B 08 2C 2D 2E 2F 14 30 13 15 0A 0C 00 05 0B 1A 03 04 24 11 1E 26 17 22 29 2A 01 07 0D 0F 10 02 12 16 1F 1D 0E 19 20 23 25 27 28 18 06 09 00 01 FF FF FF FF FF FF 00 FF 07 01 FF 02 0D 3C 09 12 FF FF 00 00 00 00 00 00 00 00 00 00 00 00 00 00 00 00 00 00 00 00 00 00 00 00 00 00 00 01 00 00 00 00 00 00 00 00 00 00 00 00 00 00 00 00 00 00 2F 64 00 42 37 34 4E 64 00 00 00 00 00 00 00 01 00 00 00 00 00 00 00 00 00 00 00 00 00 00 00 00 00 01 01 01 01 01 01 01 01 01 00 00 01 00 00 00 00 00 00 00 00 00 01 00 00 00 00 00 00 00 00 01 00 00 01 00 00 00 00 00 00 00 00 00 00 00 00 00 00 00 00 00 00 00 00 00 00 00 00 00 00 00 00 00 00 00 00 00 00 00 00 00 00 00 00 00 00 00 00 00 00 00 00 00 00 00 00 00 00 00 00 00 00 00 00 00 00 00 00 00 00 00 00 00 00 00 00 00 00 00 00 00 00 00 00 00 00 00 00 00 00 00 00 00 00 00 00 00 00 00 00 00 00 00 00 00 00 00 00 00 00 00 00 00 00 00 00 00 00 00 00 00 00 00 00 00 00 00 00 00 00 00 00 00 00 00 00 00 00 00 00 00 00
 18, 12 5D 04 02 00 67 04 01 00 0B 01 00 00 11 00 1B 1C 21 2B 08 2C 2D 2E 2F 14 30 13 15 0A 0C 00 05 0B 1A 03 04 24 11 1E 26 17 22 29 2A 01 07 0D 0F 10 02 12 16 1F 1D 0E 19 20 23 25 27 28 18 06 09 00 01 FF FF FF FF FF FF 00 FF 07 01 FF 02 0D 3C 09 12 FF FF 00 00 00 00 00 00 00 00 00 00 00 00 00 00 00 00 00 00 00 00 00 00 00 00 00 00 00 01 00 00 00 00 00 00 00 00 00 00 00 00 00 00 00 00 00 00 2F 64 00 42 37 34 4E 64 00 00 00 00 00 00 00 01 00 00 00 00 00 00 00 00 00 00 00 00 00 00 00 00 00 01 01 01 01 01 01 01 01 01 00 00 01 00 00 00 00 00 00 00 00 00 01 00 00 00 00 00 00 00 00 01 00 00 01 00 00 00 00 00 00 00 00 00 00 00 00 00 00 00 00 00 00 00 00 00 00 00 00 00 00 00 00 00 00 00 00 00 00 00 00 00 00 00 00 00 00 00 00 00 00 00 00 00 00 00 00 00 00 00 00 00 00 00 00 00 00 00 00 00 00 00 00 00 00 00 00 00 00 00 00 00 00 00 00 00 00 00 00 00 00 00 00 00 00 00 00 00 00 00 00 00 00 00 00 00 00 00 00 00 00 00 00 00 00 00 00 00 00 00 00 00 00 00 00 00 00 00 00 00 00 00 00 00 00 00 00 00 00 00 00 00 00


세력 0 고구세력, 
세력 인물번호 -1
세력 1 인물들

신분(출현,선박,신분6)
xx000000 방신, 고구(c0)
11000001 고관, 당세영 (c1)
11000010 관리, 왕환 (c2)
xx000011 호한, 노지심(83)
xx000100 수령, 우옥린(c4)
xx000101 무뢰한, 양지(c5)

1x0xxxxx 장수 80 
1x1xxxxx 인물 A0 AND연산 -> 80 이면 장수, A0면 인물

10100001 죄인, 체택 (a1)
11100111 무법자, 원흥 (b7)
11101000 장인, 후건 (e8)
10100100 인부, 당빈 (a4)
10101011 도령, 산사기 (ab)




Starting: C:\Users\yd\go\bin\dlv.exe dap --listen=127.0.0.1:6847 from d:\GoProjects\suho
DAP server listening at: 127.0.0.1:6847
Land Offset : 3319, 13081
offset : 13081
LAND     [ HERO PEOPL   ETC MONEY  FOOD STEE  FUR RAT FLO LAN WEA SUP ARM SKI ETC OWNER]
Land:[ 3][11b6,  280,    0, 7482, 9979,   0, 284, 50, 70, 68, 69, 72, 27, 87,  8, 11b6]
Land:[ 4][141e,    0,    0, 9825, 9979,   0, 999, 52, 705, 77, 77, 96, 21, 34, 1, 141e]
Land:[ 6][ b70,  b5a,    0, 9997, 9979,   5, 999, 43, 95, 97, 97, 96, 27, 33, 18,  b70]
Land:[ 8][1594,    0,    0, 9997, 9979,   0, 305, 43, 61, 60, 60, 72, 19, 33, 18, 1594]
Land:[ 9][10ae,    0,    0, 8721, 9919,   7, 999, 55, 70, 67, 69, 100, 31, 34, 18,  9fa]
Land:[10][ aaa,    0,    0, 7811, 9839,  12,  90, 51, 79, 94, 97, 96, 95, 95, 10,  1fc]
Land:[11][1408,  a10,    0, 5386, 9811,  24,   0, 48, 77, 77, 79, 72, 95, 95,  8,  228]
Land:[12][  9c,    0,    0, 9979, 7866,   0, 308, 44, 24, 23, 49, 96, 33, 57, 18,   5a]
Land:[14][111c,  c78,    0,  178,   38,   0,  65, 58, 19, 20, 49, 38, 26, 19, 40, 111c]
Land:[20][ 47a,    0,    0, 9856, 9801,  12,  39, 42, 84, 85, 83, 96, 95, 95,  8,  2c2]
Land:[21][153c,  89a,    0, 7319, 8755,   7,   0, 49, 94, 92, 97, 48, 23, 79, 58,  56c]
Land:[22][132c,    0,    0, 9983, 9839,   0, 564, 45, 53, 54, 51, 96, 15, 23, 18,  178]
Land:[26][ c4c,    0,    0, 9991, 9899,   0,   0, 46, 83, 82, 78, 96, 81, 95, 10,   70]
Land:[33][1434,    0,    0, 6493, 3557,   0, 303, 47, 19, 16, 48, 96, 29, 26, 10, 1434]
Land:[48][ eb4,    0,    0, 9989, 9879,   4,   7, 45, 88, 91, 89, 96, 18, 95, 1a,  10a]


watcher event :  WRITE         "D:\\Games\\suho\\SAVEDATA"
watcher modified file :  D:\Games\suho\SAVEDATA
Land Offset : 3319, 13081
offset : 13081
LAND     [ HERO PEOPL   ETC MONEY  FOOD STEE  FUR RAT FLO LAN WEA SUP ARM SKI ETC OWNER]
Land:[ 3][11b6,  280,    0, 7482, 9979,   0, 284, 50, 70, 68, 69, 72, 27, 87,  8, 11b6]
Land:[ 4][141e,    0,    0, 9825, 9979,   0, 999, 52, 75, 77, 77, 96, 21, 34, 10, 141e]
Land:[ 6][ b70,  b5a,    0, 9997, 9979,   5, 999, 43, 95, 97, 97, 96, 27, 33, 18,  b70]
Land:[ 8][1594,    0,    0, 9997, 9979,   0, 305, 43, 61, 60, 60, 72, 19, 33, 18, 1594]
Land:[ 9][10ae,    0,    0, 8721, 9919,   7, 999, 55, 70, 67, 69, 100, 31, 34, 18,  9fa]
Land:[10][ aaa,    0,    0, 7811, 9839,  12,  90, 51, 79, 94, 97, 96, 95, 95, 10,  1fc]
Land:[11][1408,  a10,    0, 5386, 9811,  24,   0, 48, 77, 77, 79, 72, 95, 95,  8,  228]
Land:[12][  9c,    0,    0, 9979, 7866,   0, 308, 44, 24, 23, 49, 96, 33, 57, 18,   5a]
Land:[14][111c,  c78,    0,  178,   38,   0,  65, 58, 19, 20, 49, 38, 26, 19, 40, 111c]
Land:[20][ 47a,    0,    0, 9856, 9801,  12,  39, 42, 84, 85, 83, 96, 95, 95,  8,  2c2]
Land:[21][153c,  89a,    0, 7319, 8755,   7,   0, 49, 94, 92, 97, 48, 23, 79, 58,  56c]
Land:[22][132c,    0,    0, 9983, 9839,   0, 564, 45, 53, 54, 51, 96, 15, 23, 18,  178]
Land:[26][ c4c,    0,    0, 9991, 9899,   0,   0, 46, 83, 82, 78, 96, 81, 95, 10,   70]
Land:[33][1434,    0,    0, 6493, 3557,   0, 303, 47, 19, 16, 48, 96, 29, 26, 10, 1434]
Land:[48][ eb4,    0,    0, 9989, 9879,   4,   7, 45, 88, 91, 89, 96, 18, 95, 1a,  10a]

Land:[ 3][11b6,  280,    0, 7482, 9979,   0, 284, 50, 70, 68, 69, 72, 27, 87,  8, 11b6]
Land:[ 4][141e,    0,    0, 9825, 9979,   0, 999, 52, 75, 77, 77, 96, 21, 34, 10, 141e]
Land:[ 6][ b70,  b5a,    0, 9997, 9979,   5, 999, 43, 95, 97, 97, 96, 27, 33, 18,  b70]
Land:[ 8][1594,    0,    0, 9997, 9979,   0, 305, 43, 61, 60, 60, 72, 19, 33, 18, 1594]
Land:[ 9][10ae,    0,    0, 8721, 9919,   7, 999, 55, 70, 67, 69, 100, 31, 34, 18,  9fa]
Land:[10][ aaa,    0,    0, 7811, 9839,  12,  90, 51, 79, 94, 97, 96, 95, 95, 10,  1fc]
Land:[11][1408,  a10,    0, 5386, 9811,  24,   0, 48, 77, 77, 79, 72, 95, 95,  8,  228]
Land:[12][  9c,    0,    0, 9979, 7866,   0, 308, 44, 24, 23, 49, 96, 33, 57, 18,   5a]
Land:[14][111c,  c78,    0,  178,   38,   0,  65, 58, 19, 20, 49, 38, 26, 19, 40, 111c]
Land:[20][ 47a,    0,    0, 9856, 9801,  12,  39, 42, 84, 85, 83, 96, 95, 95,  8,  2c2]
Land:[21][153c,  89a,    0, 7319, 8755,   7,   0, 49, 94, 92, 97, 48, 23, 79, 58,  56c]
Land:[22][132c,    0,    0, 9983, 9839,   0, 564, 45, 53, 54, 51, 96, 15, 23, 18,  178]
Land:[26][ c4c,    0,    0, 9991, 9899,   0,   0, 46, 83, 82, 78, 96, 81, 95, 10,   70]
Land:[33][1434,    0,    0, 6493, 3557,   0, 303, 47, 19, 16, 48, 96, 29, 26, 10, 1434]
Land:[39][ bb2,    0,    0, 7224, 9959,   0, 999, 43, 81, 80, 80, 70, 22, 15,  8,   de]
Land:[48][ eb4,    0,    0, 9989, 9879,   4,   7, 45, 88, 91, 89, 96, 18, 95, 1a,  10a]
Land:[ 4][141e,    0,    0, 9825, 9979,   0, 999, 52, 75, 77, 77, 96, 21, 34, 10, 141e]
Land:[26][ c4c,    0,    0, 9991, 9899,   0,   0, 46, 83, 82, 78, 96, 81, 95, 10,   70]
Land:[30][ a52, 1082,    0, 8665, 6657,   0,   0, 46, 62, 62, 59, 56, 26, 95,  0,  514]
Land:[33][1434,    0,    0, 6493, 3557,   0, 303, 47, 19, 16, 48, 96, 29, 26, 10, 1434]
Land:[36][ b44, 1098,    0,  155,   33,   0,   0, 42, 19, 13, 30, 18, 93, 74,  0,  b44]
Land:[42][   0,  6f8,    0,    0,    0,   0,   0, 44, 19, 10, 11,  0,  0,  0,  0,    0]
Land:[48][ eb4,    0,    0, 9989, 9879,   4,   7, 45, 88, 91, 89, 96, 18, 95, 1a,  10a]
Land:[ 2][11cc,    0,    0, 7324, 9979,   0, 325, 66, 55, 52, 53, 88, 15, 31,  0, 11cc]
Land:[18][   0,  f7a,    0,    0,    0,   0,   0, 54, 19, 12, 13,  0,  0,  0,  0,    0]
Land:[40][   0,  d28,    0,    0,    0,   0,   0, 40, 19, 12,  9,  0,  0,  0,  0,    0]
Land:[41][   0,  3b4,    0,    0,    0,   0,   0, 35, 19, 10, 10,  0,  0,  0,  0,    0]
Land:[44][   0,  632,    0,    0,    0,   0,   0, 30, 16, 10, 11,  0,  0,  0,  0,    0]
Land:[46][   0,  9e4,    0,    0,    0,   0,   0, 46, 19, 12, 10,  0,  0,  0,  0,    0]
Land:[ 7][15c0,    0,    0, 9995, 9959,  10, 662, 43, 55, 53, 54, 98, 19, 29,  0,  e46]
Land:[11][1408,  a10,    0, 5386, 9811,  24,   0, 48, 77, 77, 79, 72, 95, 95,  8,  228]
Land:[25][1040, 13b0,    0, 9907, 9839,   4, 368, 45, 91, 88, 87, 75, 72, 95,  0,  d80]
Land:[37][   0,  c36,    0,    0,    0,   0,   0, 51, 19, 10, 11,  0,  0,  0,  0,    0]
Land:[39][ bb2,    0,    0, 7224, 9959,   0, 999, 43, 81, 80, 80, 70, 22, 15,  8,   de]
Land:[47][ 1d0,    0,    0, 6005, 9879,  24, 159, 51, 79, 76, 75, 78, 24, 100,  0,  1d0]
Land:[ 6][ b70,  b5a,    0, 9997, 9979,   5, 999, 43, 95, 97, 97, 96, 27, 33, 18,  b70]
Land:[13][12ea,    0,    0, 4438, 7144,   0,  68, 48, 55, 53, 52, 99, 92, 72,  0,  162]
Land:[17][1358,    0,    0,  178,    8,   0,   0, 56, 19, 21, 51, 36, 15, 15,  0, 1358]
Land:[19][ 884,  f90,    0, 9926, 9859,  18, 510, 37, 95, 97, 97, 96, 50, 100,  0,  82c]
Land:[24][ 7ea,    0,    0, 9880, 9859,  24, 999, 40, 95, 91, 93, 96, 69, 100,  0,  b9c]
Land:[35][ 388,  b86,    0, 3244, 8249,   0,   0, 47, 44, 46, 49, 65, 53, 100,  0,  65e]
Land:[ 5][1618,  31a,    0, 9997, 9979,  30, 504, 49, 62, 64, 63, 90, 15, 15,  0, 1618]
Land:[12][  9c,    0,    0, 9979, 7866,   0, 308, 44, 24, 23, 49, 96, 33, 57, 18,   5a]
Land:[16][   0,  598,    0,    0,    0,   0,   0, 35, 25, 13, 13,  0,  0,  0,  0,    0]
Land:[23][ 4bc,    0,    0, 9821, 9827,  62, 555, 40, 95, 97, 94, 96, 42, 85,  0,   44]
Land:[32][ 18e,    0,    0, 4002, 3375,   0, 705, 44, 37, 33, 51, 73, 72, 77,  0,  18e]
Land:[34][ 77c, 12a8,    0, 5238, 9799,  30, 253, 49, 85, 91, 89, 90, 47, 52,  0,  6a0]
Land:[49][1552,  304,    0, 9989, 7770,   0,   0, 58, 41, 37, 49, 91, 62, 95,  0,  7d4]
Land:[ 8][1594,    0,    0, 9997, 9979,   0, 305, 43, 61, 60, 60, 72, 19, 33, 18, 1594]
Land:[10][ aaa,    0,    0, 7811, 9839,  12,  90, 51, 79, 94, 97, 96, 95, 95, 10,  1fc]
Land:[15][   0,    0,    0,    0,    0,   0,   0, 50, 16,  9, 12,  0,  0,  0,  0,    0]
Land:[21][153c,  89a,    0, 7319, 8755,   7,   0, 49, 94, 92, 97, 48, 23, 79, 58,  56c]
Land:[28][   0,  73a,    0,    0,    0,   0,   0, 56, 19, 10, 10,  0,  0,  0,  0,    0]
Land:[29][   0,  44e,    0,    0,    0,   0,   0, 36, 19, 12, 12,  0,  0,  0,  0,    0]
Land:[ 9][10ae,    0,    0, 8721, 9919,   7, 999, 55, 70, 67, 69, 100, 31, 34, 18,  9fa]
Land:[14][111c,  c78,    0,  178,   38,   0,  65, 58, 19, 20, 49, 38, 26, 19, 40, 111c]
Land:[31][13c6,  c0a,    0, 6336, 9779,   0, 243, 44, 65, 62, 67, 78, 53, 66,  0,   b2]
Land:[38][   0,  5da,    0,    0,    0,   0,   0, 48, 19, 10, 12,  0,  0,  0,  0,    0]
Land:[43][ 8c6, 1316,    0, 9984, 9899,  32, 999, 42, 98, 97, 97, 99, 97, 19,  0,  a3c]
Land:[ 3][11b6,  280,    0, 7482, 9979,   0, 284, 50, 70, 68, 69, 72, 27, 87,  8, 11b6]
Land:[20][ 47a,    0,    0, 9856, 9801,  12,  39, 42, 84, 85, 83, 96, 95, 95,  8,  2c2]
Land:[22][132c,    0,    0, 9983, 9839,   0, 564, 45, 53, 54, 51, 96, 15, 23, 18,  178]
Land:[27][   0,    0,    0,    0,    0,   0,   0, 57, 20, 12, 13,  0,  0,  0,  0,    0]
Land:[45][ c62,   86,    0, 9990, 9939,  24, 274, 34, 86, 88, 89, 98, 68, 95,  0,  a68]
Land:[ 1][ f22,    0,    0, 4481, 2143,   0, 180, 45, 23, 19, 49, 82, 15, 19,  0,  f22]

Turn Offset : 1604, 5636
offset : 1604
Hero Offset : e, 14









Turn Offset : 1604, 5636
offset : 1604
Hero Offset : e, 14
offset : 14
171 [{체택  0,  0,  34,   1,  43,  89,  89,  58,  28,  20,  52,  26,  37,   0,   0,   0,   0,   3,    0,   0, a1}]
199 [{김대견 14, 10,  48,   1,  36,  78,  78,  32,  50,  67,  25,  44,  34,   0,   0,   0,   0,   8,    0,   0, a8}]
235 [{장문원 44,  0,  36,   0,  23,  77,  77,  20,  14,  35,  16,  43,  20,  48,  98,   7,  98,   5,    0, 100, c2}]
 30 [{난정옥  0,  0,  48,   1,  20,  94,  94,  87,  79,  47,  76,  66,  81,   6,  15,   8, 100,  13,    0, 100, c7}]
 48 [{주동 54,  2,  43,   0,  29,  96,  96,  82,  57,  49,  59,  72,  53,   0,   0,   0,  10,  13,    0,  55, b6}]
125 [{양춘 36,  1,  39,   2,  26,  90,  90,  57,  53,  23,  32,  37,  61,  48,  92,   9, 100,   4,    0, 100, c5}]
146 [{왕인 8a,  6,  41,   1,  31,  92,  92,  75,  71,  46,  33,  40,  49,   0,   0,   0,  87,   7,    0, 100, 85}]
  2 [{노지심 e8,  f,  50,   1,  12, 100, 100, 100,  72,  47,  63,  74,  88,   0,  96,  42,   0,  15,  349,  97, 83}]
144 [{사정 28,  2,  36,   1,  11,  25,  90,  51,  41,  49,  51,  32,  39,  49,  77,   7,  61,   8,    0,   0, c5}]
184 [{포욱 ac,  d,  41,   0,  24,  85,  85,  54,  35,  12,  31,  28,  50,  77,  22,  14,  99,   3,    0, 100, c2}]
 43 [{고염 5e,  6,  40,   0,  35,  94,  94,  75,  50,  84,  67,  46,  82,  95,  65,   0,  84,  19,    0, 100, c2}]
176 [{양임 54,  d,  38,   1,  20,  94,  94,  75,  62,  24,  46,  29,  38,  36,  89,  21, 100,   5,    0, 100, c5}]
194 [{곽세광 2e,  b,  29,   1,  22,  65,  92,  50,  37,  42,  46,  27,  32,   3,   0,   7,  82,   7,    0, 100, c5}]
220 [{포도을 e0,  e,  32,   1,  43,  83,  83,  47,  83,  80,  46,  15,  30,   0,   0,   0,   0,   8,    0,   0, f5}]
234 [{이회 68, 15,  33,   0,  23,  89,  89,  46,  31,  27,  37,  24,  19,  11,  11,   0,  99,   2,    0, 100, c2}]
 44 [{손입 e0,  3,  43,   0,  35,  96,  96,  84,  84,  47,  54,  68,  72,  75,  65,   0,  90,  12,    0, 100, c2}]
 91 [{저능 e2,  6,  36,   0,  30,  91,  91,  37,  33,  33,  49,  61,  37,  56,  41,  14,  86,   6,    0, 100, c2}]
129 [{마인  0,  0,  40,   9,  36,  76,  91,  69,  69,  60,  40,  29,  59,  40,  42,  28,  96,   9,    0, 100, c4}]
205 [{단경주  0,  0,  40,   1,   2,  74,  84,  45,  41,  27,  28,  31,  42,   0,  20,   0,  99,   1,    0, 100, 84}]
 33 [{석보  0,  0,  29,   1,  49,  94,  94,  84,  82,  51,  71,  65,  82,   0,   0,   0,   0,  14,    0,   0, b2}]
186 [{당세웅 fc,  c,  39,   0,  23,  90,  96,  81,  67,  47,  32,  14,  62,  24,  48,  14, 100,  14,    0,  46, c2}]
 13 [{연순 16,  8,  40,  60,  19,  89,  89,  47,  70,  23,  46,  41,  60,  76,  71,  10,  46,  13,    0, 100, c5}]
 53 [{공손승 64,  4,  52,   0,  23,  84,  84,  54,  72,  90,  45,  81,  54,  58,  79,   9,  58,  18,    0, 100, c2}]
132 [{원흥 26,  a,  28,   1,  35,  86,  86,  21,  25,  26,  47,  39,  41,   0,   0,   0,   0,   2,    0,   0, b7}]
179 [{하길  0,  0,  32,   2,  19,  92,  92,  68,  59,  43,  35,  47,  31,   0,   0,   0,  15,   4,    0,   0, b7}]
 22 [{화영  0,  0,  36,  60,  19,  99,  99,  92,  96,  77,  91,  75,  84,  34,  47,   6,  75,  17,    0, 100, c5}]
 36 [{노준의 48, 11,  42,   1,  36,  95,  95,  78,  77,  70,  68,  63,  81,   0,   0,   0,   0,  20,    0,   7, aa}]
 71 [{왕환 56,  5,  53,   0,  30,  91,  96,  83,  80,  42,  77,  41,  50,  94,  20,  12,  90,  11,    0, 100, c2}]
 74 [{호정작 e6,  1,  44,   1,  31,  97,  97,  87,  83,  44,  50,  43,  71,  34,  89,  24,  99,  14,    0, 100, c5}]
  8 [{이규  0,  0,  41,   7,  39,  99,  99,  99,  56,  15,  59,  24, 100,  20,  85,   0, 100,  13,   20, 100, c3}]
 52 [{초정 22,  4,  39,   0,  25,  94,  94,  85,  59,  22,  60,  52,  69,  32,   1,  14,  84,   2,    0, 100, c2}]
 89 [{대종 c8,  b,  46,   0,  49,  88,  88,  48,  77,  70,  51,  68,  30,  40,  90,  47,  99,  10,    0, 100, c1}]
 98 [{증괴  0,  0,  36,  18,  21,  90,  90,  72,  48,  56,  39,  60,  45,  20,  26,  79,   0,   9,    0,  11, f7}]
 14 [{배선  0,  0,  43,  13,  13,  77,  87,  50,  49,  73,  45,  68,  49,  77,  78,  74, 100,  12,   25, 100, c3}]
 15 [{추연 1a,  e,  45,   1,  22,  93,  93,  45,  49,  51,  30,  52,  38,  27,  12,  14, 100,  12,    0, 100, c4}]
 57 [{저형  0,  0,  37,   0,  30,  94,  94,  55,  47,  72,  63,  40,  72,  99,  52,  14,  98,   2,    0, 100, c1}]
110 [{양전 f2,  8,  49,   0,  30,  84,  84,  25,  22,  75,  77,  28,  29,  40,  11,  38,  91,  35,    0,  63, c2}]
183 [{황포단 d6,  a,  47,   1,  12,  77,  77,  25,  56,  70,  25,  52,  33,  10,  15,   7,  99,  10,    0, 100, 85}]
226 [{단삼낭 6e,  8,  30,   1,  29,  80,  80,  57,  46,  39,  26,  18,  41,   0,   0,   0,   0,   5,    0,   3, ac}]
255 [{반공운  0,  0,  36,   1,   5,  34,  69,  14,  11,  32,  10,  22,  10,  50,  60,  28, 100,   4,    0, 100, 84}]
154 [{송청 92,  7,  40,  18,  47,  79,  79,  37,  35,  49,  44,  56,  20,  51,  47,  78,  99,   1,    0, 100, c5}]
174 [{시은  0,  0,  36,   1,   1,  49,  79,  42,  49,  54,  39,  46,  29,  20,  70,  34,  98,   3,    0, 100, 84}]
175 [{항원진  e, 12,  42,   0,  43,  81,  91,  57,  61,  31,  44,  19,  51,  20,  35,   0,  94,   7,    0, 100, c2}]
202 [{주부 a6,  f,  37,   1,   9,  80,  80,  34,  34,  64,  35,  47,  20,  25,  49,  96,  97,   2,    0, 100, 85}]
  6 [{무송 f8, 11,  37,   1,  31, 100, 100,  95,  76,  34,  68,  55,  98,  75,  74,  63, 100,  15,    0, 100, 87}]
 26 [{경영 ac,  2,  25,   1,  20,  82,  82,  69,  88,  67,  92,  73,  77,  64,  54,  14,  97,  16,    0, 100, c5}]
 86 [{백흠  2,  b,  38,  18,  47,  81,  96,  82,  78,  45,  67,  26,  58,  98,  26,  34,  86,   7,    0, 100, c5}]
136 [{오응성 2a, 10,  30,   0,  23,  92,  92,  47,  42,  34,  24,  59,  42,   0,   0,   0,  96,   5,    0,  57, c2}]
209 [{하도 4a,  9,  41,   1,  10,  78,  78,  48,  34,  43,  44,  18,  38,  72,  96,  20,  95,   3,    0, 100, c5}]
200 [{방모 92, 12,  41,   9,  48,  94,  94,  83,  59,  62,  48,  20,  34,  42,  22,   0,  98,   2,    0, 100, c5}]
 18 [{최도성  0,  0,  32,   1,   7,  91,  91,  58,  47,  36,  25,  20,  57,   0,   0,   0,   0,   3,    0,   0, 20}]
 65 [{뇌횡 90,  4,  42,   0,  35,  90,  95,  78,  61,  38,  83,  32,  55,  52,  32,   0,  76,  12,    0, 100, c2}]
161 [{장상 b8,  9,  38,   1,  12,  87,  87,  53,  35,  60,  61,  34,  23,  55,  12,   2, 100,   3,    0, 100, c5}]
189 [{해진 d2,  f,  42,  60,  21,  88,  88,  62,  68,  33,  26,  54,  27,   0,   0,   0,  59,   3,    0, 100, c5}]
190 [{이곤 9e,  e,  39,  18,  30,  69,  94,  46,  54,  47,  45,  27,  34,  36,  67,  25,   0,   5,    0,   0, e1}]
245 [{백승 6e, 13,  42,  60,  21,  75,  75,  30,  24,  20,  24,  23,  20,  78,  88,  14,  97,   1,    0, 100, c5}]
 21 [{이충 7c, 12,  45,   1,  10,  90,  90,  64,  52,  44,  50,  55,  43,  90,  90,  28,  95,   3,    0, 100, 84}]
 31 [{장청 c8,  0,  42,   1,  11,  94,  94,  70,  94,  51,  72,  66,  83,  27,  10,  66,  98,  14,    0,  85, c5}]
 42 [{호삼낭 9e,  3,  31,   1,  31,  85,  85,  68,  81,  51,  70,  72,  59,  51,  26,  21,  89,   9,    0, 100, 85}]
 62 [{여사낭 7e,  a,  40,   1,  34,  84,  84,  62,  61,  80,  81,  24,  67,  20,  30,  14,  80,  15,    0, 100, c5}]
 12 [{주무 70,  0,  42,   2,  26,  90,  90,  37,  49,  91,  72,  50,  44,  31,  99,   9,  97,  14,    0, 100, c5}]
167 [{정천수 72,  e,  38,  60,  21,  91,  91,  48,  50,  53,  24,  48,  44,  40,  10,   0,  63,   5,    0, 100, c5}]
170 [{욱보사 30,  e,  41,   1,  12,  95,  95,  58,  35,  14,  33,  45,  38,  71,  26,  28,  98,   1,    0, 100, 85}]
208 [{경공  0,  0,  40,   0,  43,  86,  86,  34,  23,  72,  46,  34,  20,   0,  80,   0,  97,   4,    0, 100, c2}]
238 [{방천정 5e, 11,  20,   9,  48,  93,  93,  54,  38,  67,  34,  20,  22,  66,  66,   0,  77,   2,    0, 100, c5}]
 41 [{방걸 76, 14,  28,   1,  41,  96,  96,  85,  74,  63,  70,  39,  94,   0,   0,   0,   0,  11,    0,   0, b0}]
 47 [{축표 d8,  2,  36,   1,  11,  95,  95,  79,  77,  43,  62,  51,  77,  56,  75,  53,  97,  11,    0,  96, c5}]
 85 [{상청 a0,  6,  41,   1,  34,  92,  92,  58,  46,  25,  77,  26,  49,  41,  71,  14,  80,   2,    0, 100, c5}]
213 [{체경 24, 12,  37,   1,  10,  89,  89,  25,  29,  41,  43,  20,  35,  46,  56,   7,  98,   5,    0, 100, c5}]
105 [{비보 a8,  7,  42,   1,  31,  94,  94,  78,  65,  44,  71,  25,  43,  40,  63,  14,  96,   8,    0, 100, 85}]
142 [{왕경 94,  a,  42,   9,  45,  96,  96,  68,  78,  54,  31,  29,  63,  47,  69,   8,  92,  10,    0, 100, c5}]
168 [{증밀 8c,  9,  39,  18,  30,  56,  91,  52,  40,  42,  39,  45,  32,  47,  40,  48,   0,   6,    0,   0, e1}]
201 [{두천 a0, 11,  40,  60,  21,  84,  84,  39,  35,  39,  46,  27,  29,  21,  21,   0,  55,   4,    0, 100, c5}]
 40 [{등원각 b2,  0,  43,   1,  31,  97,  97,  82,  79,  58,  54,  83,  68,  32,  22,  14,  80,  19,    0, 100, 85}]
173 [{조정 ca,  e,  38,   1,  12,  86,  86,  53,  59,  36,  68,  20,  26,  14,  64,  28,  97,   4,    0, 100, c5}]
249 [{이귀  0,  0,  41,   1,   8,  43,  78,  23,  15,  14,  17,  14,  28,  30,  49,   0,  94,   1,    0, 100, c4}]
 67 [{이운 c4,  5,  41,   0,  35,  96,  96,  76,  71,  38,  42,  73,  54,  61,  31,   0,  78,   3,    0, 100, c2}]
185 [{도종왕  0,  0,  42,   1,  36,  95,  95,  67,  41,  13,  50,  33,  26,   0,   0,   0,   0,   4,    0,   0, a4}]
254 [{백수영  0,  0,  33,   1,  42,  70,  70,  26,  23,  32,  10,  23,  14,   0,   0,   0,   0,   3,    0,   0, ad}]
 24 [{진명 12,  2,  43,  60,  19,  97,  97,  90,  82,  29,  79,  78,  90,  72,  46,   8,  42,  16,    0, 100, c5}]
 59 [{사문공 4a, 14,  39,   0,  23,  61,  96,  96,  74,  47,  60,  33,  82,  14,  10,  60,  69,   5,    0, 100, c2}]
 84 [{방만춘 20,  c,  40,   1,  34,  89,  89,  66,  93,  57,  39,  66,  47,  63,  25,  13, 100,   3,    0, 100, c5}]
102 [{선찬 58,  8,  42,   0,  30,  94,  94,  70,  80,  52,  63,  20,  58,  31,  64,  28,  98,   9,    0, 100, c2}]
211 [{성희  0,  0,   8,   1,  36,  84,  84,  44,  26,  32,  32,  46,  21,   0,   0,   0,   0,   7,    0,   0, 63}]
 39 [{동평 f0,  5,  40,   0,  35,  97,  97,  83,  74,  77,  82,  51,  73,  86,  76,   0,  81,  12,    0, 100, c2}]
 99 [{장순  0,  0,  38,   1,  44,  91,  91,  60,  61,  46,  59,  35,  48,   0,   0,   0,   0,   8,    0,   0, e6}]
117 [{동증 38,  f,  40,   0,  43,  93,  93,  73,  76,  36,  58,  29,  45,  70,  70,   0,  98,   3,    0, 100, c1}]
210 [{무대  0,  0,  28,   1,  23,  70,  70,   7,   9,  18,  26,  65,   8,   0,   0,   0,   0,   1,    0,   0, 20}]
115 [{체경  0,  0,  68,   0,  11,  76,  76,  18,  37,  71,  84,  29,  20,  73,  43,  10,   0,  40,    0,   0, f3}]
148 [{동맹  0,  0,  37,   9,  48,  89,  89,  65,  50,  30,  35,  27,  59,  94,  74,   0,  97,   4,    0, 100, c5}]
163 [{공명  4,  e,  38,   1,  12,  81,  81,  35,  53,  37,  51,  35,  32,  72,  82,  14,  97,   5,    0, 100, c5}]
 27 [{허관충  0,  0,  39,   1,   3,  96,  96,  69,  68,  86,  75,  88,  79,   0,   0,   0,   0,  21,    0,   0, a9}]
 58 [{선정규 fe,  f,  40,   0,  24,  95,  95,  74,  83,  52,  71,  54,  50,  21,  51,  14,  75,  11,    0, 100, c2}]
251 [{모중의 46,  e,  40,   1,   7,  67,  87,  28,  19,  58,  12,  18,  27,  20,  95,   0,  98,   7,    0, 100, 85}]
 55 [{전호 96,  2,  41,   1,  34,  98,  98,  85,  68,  57,  58,  41,  77,  53,  77,  19,  85,   4,    0, 100, 85}]
253 [{이서란 4e,  f,  31,   1,  20,  40,  72,  13,  15,  37,  10,  24,  18,  36,  81,  14, 100,   3,    0,   0, c5}]
 66 [{방납 66, 12,  44,   1,  38,  85,  85,  54,  38,  65,  32,  65,  73,   0,   0,   0,   0,   4,    0,   0, b7}]
156 [{공빈  0,  0,  56,   1,   6,  79,  79,  26,  18,  42,  42,  55,  22,   0,   0,   0,   0,  10,    0,   4, aa}]
246 [{황문병 d4,  7,  50,   0,  49,  78,  78,  20,  27,  76,  35,  10,  21,  26,  62,  31,  99,   7,    0, 100, c2}]
162 [{침수  0,  0,  41,   1,  22,  88,  88,  22,  35,  47,  53,  25,  40,  50,   5,   0,  85,   2,    0, 100, 85}]
 69 [{장개 24,  7,  42,   0,  49,  96,  96,  68,  74,  40,  57,  46,  65,  99,  34,   7,  85,  10,    0, 100, c2}]
 73 [{호현 48,  6,  42,   0,  30,  89,  89,  40,  54,  51,  49,  70,  45,  79,  47,  47,  84,   2,    0,  64, c2}]
 79 [{두미  2, 16,  39,   1,  42,  96,  96,  71,  86,  60,  48,  34,  76,   0,   0,   0,   0,   8,    0,   0, a8}]
113 [{목홍 12,  d,  40,   1,  46,  90,  90,  62,  63,  51,  31,  60,  42,   0,   0,   0,   0,   6,    0,   2, eb}]
 93 [{여방 4c,  1,  32,  60,  19,  92,  92,  71,  67,  53,  42,  36,  68,  82,  11,   5,  45,   5,    0, 100, c4}]
106 [{추윤 d4, 12,  41,   1,  10,  92,  92,  52,  41,  38,  39,  42,  57,  55,  75,  28,  85,   9,    0, 100, c5}]
155 [{당세영  0,  0,  41,   0,  25,  84,  94,  77,  60,  64,  57,  16,  46,  11,  41,  17,  98,  15,    0, 100, c1}]
  3 [{사진  0,  0,  32,   2,  26,  98,  98,  97,  83,  45,  74,  69,  95,   2,  42,   5, 100,  16,   25, 100, c3}]
 11 [{조개 ec, 15,  52,   1,  20,  89,  89,  73,  55,  70,  96,  68,  76,  50,  25,  14,  38,  23,    0,   0, c5}]
 35 [{오용 3e,  2,  48,  60,  19,  80,  80,  44,  40,  95,  86,  70,  58,  68,   0,   7,  29,  19,    0, 100, c5}]
230 [{장충  0,  0,  29,   1,  11,  93,  93,  65,  40,  26,  24,  15,  43,   0,   0,   0,   0,   5,    0,   0, 20}]
 76 [{체득장 76,  9,  37,   1,  22,  65,  94,  36,  52,  54,  55,  19,  88,  20,  35,  43,  82,  17,    0, 100, c5}]
126 [{증삭  8,  9,  36,  18,  47,  92,  92,  43,  45,  36,  41,  36,  53,   5,  31,  46,  97,   8,    0, 100, c5}]
191 [{유민 46,  3,  30,   1,  36,  91,  91,  46,  30,  38,  50,  19,  37,   0,   0,   0,   0,   5,    0,   0, b7}]
112 [{유당 1e,  9,  40,  60,  21,  94,  94,  75,  68,  18,  35,  27,  71,   7,  92,   0,  73,   4,    0, 100, c5}]
237 [{위충  0,  0,  30,   1,  37,  89,  89,  35,  27,  67,  35,  29,  13,   0,   0,   0,   0,   2,    0,   0, b7}]
139 [{두흥 c0,  a,  42,   1,  34,  89,  89,  46,  34,  26,  61,  25,  37,  39,  80,  91, 100,   4,    0, 100, c5}]
241 [{서문경  0,  0,  26,   1,  23,  79,  79,  27,  32,  58,  14,  32,  25,   0,   0,   0,   0,  10,    0,   0, 20}]
247 [{장보 60, 14,  39,   0,  23,  78,  78,  42,  28,  19,  18,  16,  29,   1,  21,  56,  99,   4,    0, 100, c2}]
 63 [{손안  0,  0,  42,   1,  16,  96,  96,  74,  65,  68,  44,  72,  56,   0,   0,   0,   0,   8,    0,   0, b2}]
 68 [{유문충 ca,  3,  40,   1,  31,  92,  92,  80,  77,  57,  84,  29,  56,  34,   2,  34,  90,   5,    0, 100, 85}]
 87 [{석수  6,  6,  39,   1,  31,  92,  92,  71,  77,  35,  31,  64,  56,  42,  52,  35,  93,   2,    0, 100, 85}]
108 [{고대수  6, 11,  47,   1,  22,  83,  83,  76,  33,  13,  25,  78,  34,  36,  19,  21,  83,   3,    0, 100, c5}]
100 [{한존보 42,  8,  43,   0,  43,  79,  89,  54,  61,  47,  49,  38,  55,  50,  55,   0,  88,   4,    0, 100, c2}]
111 [{주통  0,  0,  38,   1,  12,  85,  85,  57,  47,  31,  62,  31,  41,  65,  99,   7, 100,   1,    0, 100, c5}]
141 [{하현통 f6,  e,  40,   2,  26,  75,  75,   9,  13,  81,  46,  62,  15,   0,   0,   0,  97,   6,    0, 100, 85}]
182 [{석용 64,  f,  40,  60,  21,  90,  90,  48,  37,  30,  33,  30,  47,  18,   3,   0,  45,   5,    0, 100, c5}]
 75 [{축호 82,  5,  38,   1,  34,  92,  92,  64,  69,  46,  50,  72,  41,   7,  69,  56, 100,  10,    0, 100, c4}]
  7 [{양지  0,  0,  45,   1,  11,  98,  98,  91,  81,  66,  97,  58,  79,  41,  22,  42,  85,  17,    0,  80, 85}]
  9 [{이응 ee,  2,  44,   1,  20,  93,  93,  70,  87,  62,  60,  71,  79,  70,  33,  73, 100,  15,    0, 100, c5}]
 20 [{축용  0,  0,  41,   1,  31,  91,  91,  73,  57,  54,  46,  50,  85,  96,  40,  14, 100,  15,    0, 100, c5}]
 64 [{이사사 c4, 10,  35,   1,  12,  79,  79,  13,  41,  57,  60,  85,  25,  10,  15,   7,  97,  20,    0, 100, 85}]
 72 [{서영  0,  0,  41,   0,  35,  93,  93,  83,  65,  47,  54,  53,  58,  10,  20,   7,  99,  11,    0, 100, c1}]
152 [{목춘  0,  0,  36,   1,  46,  89,  89,  53,  67,  49,  25,  56,  39,   0,   0,   0,   0,   9,    0,   2, eb}]
116 [{황문엽 ee,  d,  52,   0,  35,  77,  77,  16,  23,  75,  43,  72,  18,  77,  99,  40,   0,  10,    0,   0, e1}]
 54 [{교열  0,  0,  41,   1,  18,  88,  88,  45,  58,  87,  60,  72,  45,   0,   0,   0,   0,  10,    0,   0, b7}]
 88 [{한도 66,  7,  41,   1,  34,  93,  93,  80,  68,  61,  43,  42,  66,  54,  61,   6,  96,  13,    0, 100, c5}]
181 [{탕융  0,  0,  38,   1,   5,  92,  92,  47,  75,  68,  48,  34,  29,   0,   0,   0,   0,   7,    0,   0, a8}]
 70 [{장횡 b0,  8,  41,   1,  44,  90,  90,  61,  68,  28,  69,  45,  54,   0,   0,   0,   0,  10,    0,   0, e3}]
 81 [{동관  0,  0,  61,   0,  49,  94,  94,  80,  64,  46,  51,  30,  75,   0,  30,   7,  85,  24,    0, 100, c2}]
195 [{장위 5c,  e,  29,   1,  11,  25,  93,  75,  42,  44,  36,  45,  23,  13,   0,   0,  80,   6,    0,   0, c5}]
204 [{오이  0,  0,  51,   1,   3,  71,  91,  50,  58,  63,  37,  16,  49,  72,  42,   0,  94,   9,    0, 100, 84}]
137 [{전표 62,  1,  38,  13,  13,  78,  93,  78,  57,  38,  34,  28,  62,  82,  82,  28,  94,   1,    0, 100, c5}]
229 [{방학도  0, 13,  35,   1,  11,  25,  89,  45,  37,  44,  20,  39,  24,  13,   0,   0,  80,   4,    0,   0, c5}]
 23 [{관승 fe,  4,  46,   1,  11,  94,  97,  95,  82,  66,  75,  90,  83,  81,  55,  53, 100,  17,    0,  88, c7}]
118 [{가여경 a2,  9,  33,   0,  30,  77,  87,  38,  44,  39,  66,  31,  35,  62,  25,  16,  98,   9,    0,  64, c2}]
119 [{구붕  0,  0,  40,   9,  45,  78,  93,  64,  64,  47,  39,  38,  55,  60,  87,  30,  97,   6,    0, 100, c4}]
120 [{범전 be,  7,  38,   1,  34,  82,  82,  49,  46,  58,  46,  67,  18,  73,  57,   8, 100,   6,    0, 100, c5}]
207 [{엽춘 c2,  d,  40,   1,  31,  83,  83,  39,  72,  53,  49,  36,  15,   0,   0,   0,  76,   7,    0, 100, c5}]
 46 [{색초 80,  d,  37,   0,  25,  96,  96,  77,  85,  47,  62,  41,  89,  51,  56,  21,  82,  11,    0, 100, c2}]
 78 [{호준 74,  6,  30,   0,  30,  91,  91,  43,  51,  58,  69,  52,  40,  24,  26,  15,  96,   5,    0, 100, c2}]
135 [{전진붕 1c,  6,  43,   0,  49,  92,  92,  80,  67,  34,  39,  55,  31,  84,  84,   7,  77,   5,    0, 100, c2}]
198 [{어득원 f0, 10,  33,   1,  11,  25,  86,  44,  32,  35,  32,  41,  30,   4,   0,   0,  80,   3,    0,   0, c5}]
150 [{후건 3e,  d,  41,   1,  46,  78,  78,  36,  54,  47,  38,  51,  32,   0,   0,   0,   0,   6,    0,   0, e8}]
 32 [{호성 6a,  2,  40,   1,  20,  95,  95,  69,  68,  77,  74,  85,  61,  24,  17,   0,  74,  13,    0,  93, 85}]
 82 [{산사기  0,  0,  43,   1,  28,  94,  94,  84,  82,  54,  54,  30,  71,   0,   0,   0,   0,  12,    0,   3, ab}]
104 [{주귀 6c,  5,  40,  60,  21,  86,  86,  46,  41,  63,  76,  42,  22,  64,  44,   0,  80,   1,    0, 100, c5}]
138 [{구정  0,  0,  28,   1,  31,  89,  89,  47,  43,  34,  30,  63,  31,   0,   0,   0,   0,   3,    0,   0, b2}]
180 [{마영  0,  0,  41,   1,   9,  68,  88,  48,  72,  71,  29,  48,  35,  32,  30,  54,  97,   8,    0, 100, c5}]
225 [{장몽방  0,  0,  28,   1,  24,  80,  80,  17,  23,  46,  24,  20,  42,   0,   0,   0,   0,   2,    0,   0, 20}]
244 [{하청 9a, 13,  39,   1,  29,  82,  82,  28,  19,  33,  19,  13,  38,   0,   0,   0,   0,   4,    0,   0, a4}]
  5 [{임충 5a,  0,  48,   1,  12,  98,  98,  93,  78,  54, 100,  61,  80,  71,   9,  10,  76,  24,    0, 100, c5}]
109 [{소정  0,  0,  42,  18,  30,  66,  91,  70,  70,  46,  40,  32,  64,  61,  80,  45,   0,   9,    0,   0, e1}]
145 [{장경  0,  0,  43,  18,  47,  83,  83,  31,  59,  77,  30,  52,  40,  59,  39,  36,  98,   3,    0, 100, c5}]
169 [{오복 a2, 14,  27,   9,  48,  78,  88,  43,  34,  47,  55,  20,  41,  20,   0,   0, 100,   4,    0, 100, c5}]
216 [{배여해  0,  0,  23,   1,   5,  76,  76,  10,  16,  53,  15,  70,  11,   0,   0,   0,   0,   6,    0,   0, 20}]
218 [{시천 f4,  b,  43,  13,  13,  71,  86,  35,  38,  52,  40,  26,  29,  62,  52,  14,  99,   5,    0, 100, c5}]
 16 [{번서  0,  0,  41,   1,  32,  77,  87,  67,  54,  80,  56,  42,  40,  51,  16,  21,  99,  14,    0, 100, c4}]
 94 [{중양 3c,  a,  40,   0,  43,  73,  88,  31,  42,  48,  63,  35,  48,  70,  65,   0,  94,   4,    0, 100, c2}]
103 [{증승 a4,  c,  35,  18,  47,  86,  91,  72,  29,  35,  24,  54,  62,  69,  18,  37,  97,   6,    0, 100, c5}]
122 [{장청 60,  9,  42,   1,  10,  78,  83,  31,  32,  37,  37,  65,  29,  60,  75,  35,  92,   5,    0, 100, 85}]
 61 [{방경  0,  0,  42,  60,  21,  90,  90,  68,  59,  54,  76,  36,  62,  85,  55,   0,  67,   2,   45, 100, c3}]
153 [{등비 cc,  6,  40,   1,  20,  93,  93,  63,  70,  16,  32,  29,  59,  99,  79,  34, 100,   2,    0, 100, 85}]
160 [{정지서  0,  0,  40,   1,  35,  84,  84,  27,  65,  63,  48,  27,  40,   0,   0,   0,   0,   3,    0,   0, a9}]
232 [{왕정륙  0,  0,  41,   1,   4,  49,  79,  36,  42,  22,  20,  38,  23,   0,  80,   7,  98,   2,    0, 100, c4}]
242 [{구소을  0,  0,  27,   1,   7,  87,  87,  27,  32,  42,  19,  12,  40,   0,   0,   0,   0,   3,    0,   0, 20}]
 25 [{왕진 56, 10,  50,   1,  29,  87,  87,  88,  73,  71,  79,  91,  73,   0,   0,   0,   0,  17,    0,   0, b2}]
192 [{구혈 fa,  9,  44,   1,   9,  86,  86,  27,  54,  70,  50,  22,  34,  90,  75,   0,  90,   9,    0, 100, 85}]
231 [{온극양 dc, 13,  32,   1,  11,  25,  91,  45,  36,  50,  22,  35,  25,   2,   0,   0,  84,   6,    0,   0, c5}]
243 [{마만리  0,  0,  41,   0,  24,  83,  83,  20,  19,  21,  18,  39,  13,  60,  75,   0, 100,   4,    0, 100, c2}]
101 [{문달 38,  4,  43,   1,  11,  92,  92,  83,  75,  21,  33,  60,  48,  13,  10,  53, 100,   7,    0,  83, c5}]
147 [{능진 a6,  4,  37,   0,  25,  93,  93,  35,  92,  59,  40,  52,  29,  82,  86,  17,  84,   3,    0, 100, c2}]
151 [{계삼은  0,  0,  41,   1,  40,  90,  90,  51,  37,  43,  42,  28,  51,   0,   0,   0,   0,   2,    0,   2, eb}]
157 [{우방희 50,  7,  40,   0,  24,  91,  91,  50,  67,  24,  50,  33,  36,  90,  98,  21,  92,   5,    0, 100, c2}]
 37 [{연청 f4,  0,  34,   1,  20,  91,  91,  71,  84,  65,  90,  54,  65,  20,   7,  14,  97,  18,    0, 100, 85}]
 56 [{위정국 dc,  8,  43,   1,  11,  96,  96,  76,  82,  66,  52,  73,  51,  50,  92,  21,  79,  12,    0,  76, 85}]
 77 [{양웅  c,  4,  40,   1,  20,  92,  92,  68,  65,  38,  41,  64,  56,  97,  30,  35, 100,   6,    0, 100, c5}]
206 [{왕의  0,  0,  42,   1,  10,  66,  76,  20,  22,  68,  37,  46,  18,  20,  15,   7,  99,   4,    0, 100, 85}]
164 [{악화  0,  0,  39,   1,   7,  76,  76,  35,  48,  71,  34,  45,  39,  95,   2,  52,  98,   2,    0, 100, c4}]
197 [{우옥린  0,  0,  37,  13,  14,  50,  90,  50,  51,  53,  47,  31,  26,  81,  26,  47, 100,   4,    0, 100, c4}]
228 [{염세걸 34,  9,  48,   1,  31,  75,  96,  26,  31,  66,  44,  15,  24,  93,   9,   7,  64,  17,    0,   0, c5}]
 17 [{왕윤  0,  0,  31,   1,  10,  90,  90,  23,  19,  51,  53,  36,  62,   0,   0,   0,   0,  15,    0,   0, 20}]
 28 [{소가수  0,  0,  39,   1,  34,  97,  97,  82,  77,  68,  87,  70,  73,  84,  47,   7,  79,  16,    0, 100, 85}]
133 [{공왕 2a,  5,  41,   0,  24,  90,  90,  49,  83,  43,  40,  39,  48,  14,  59,  14,  98,   9,    0, 100, c1}]
227 [{안사영  0,  0,  38,   1,  25,  91,  91,  47,  42,  40,  43,  29,  13,   0,   0,   0,   0,   2,    0,   0, a1}]
250 [{유고  0,  0,  27,   1,  19,  80,  80,  14,  23,  68,  35,  12,  10,   0,   0,   0,   0,   2,    0,   0, 20}]
 10 [{이준 e6,  c,  40,   9,  48,  80,  85,  61,  76,  62,  70,  81,  52,  70,  20,   0, 100,  13,   39, 100, c3}]
 29 [{변상 c2,  2,  35,   1,  20,  98,  98,  89,  78,  35,  66,  72,  87,  73,  39,  21,  72,  14,    0, 100, c5}]
 50 [{나진인 20,  1,  76,   1,  20,  92,  92,  16,  60,  93,  61,  80,  40,   0,   0,   0,  31,  50,    0,   0, c5}]
 80 [{황안  0,  0,  28,   1,  20,  85,  85,  52,  27,  31,  70,  35,  53,   0,   0,   0,   0,   7,    0,   0, 20}]
127 [{원소칠 ce,  9,  37,  60,  21,  87,  87,  74,  47,  39,  50,  42,  38,   4,  44,   0,  57,   2,    0, 100, c5}]
130 [{공양 96,  d,  36,   1,   6,  82,  82,  38,  34,  39,  50,  40,  38,   0,   0,   0,   0,   8,    0,   3, eb}]
143 [{당빈  0,  0,  42,   1,  14,  93,  93,  73,  47,  70,  33,  24,  65,   0,   0,   0,   0,   3,    0,   0, a4}]
178 [{학사문 d2,  4,  41,   0,  18,  93,  93,  68,  79,  63,  45,  32,  36,  77,  54,  42,   0,   8,    0,  19, f6}]
158 [{안도전 ba,  c,  46,   1,  31,  76,  76,  28,  52,  78,  38,  54,  27,   0,   0,   0,  71,  18,    0, 100, 85}]
177 [{원소오 88,  e,  38,  60,  21,  88,  88,  77,  48,  31,  52,  24,  37,  95,  55,   0,  56,   2,    0, 100, c5}]
239 [{여심 42, 13,  41,   0,  25,  77,  77,  16,  31,  69,  25,  36,  13,  92,  37,  16,  84,   3,    0, 100, c2}]
 34 [{자진 bc,  f,  48,   1,   5,  86,  86,  62,  69,  75,  75,  94,  49,   0,   0,   0,   0,  18,    0,  10, ea}]
 38 [{숙원경 d0,  c,  57,   0,  25,  78,  78,  29,  30,  75,  73,  94,  40,   6,  75,   6,  85,  30,    0, 100, c2}]
 51 [{장숙야 f6,  3,  38,   0,  35,  82,  82,  22,  32,  60,  60,  79,  42,  24,  69,   0,  85,  21,    0, 100, c2}]
 97 [{왕영 2c,  8,  42,  60,  19,  90,  90,  64,  46,  24,  45,  31,  69,  53,  58,   6,  41,   3,    0, 100, c5}]
149 [{전표 40,  5,  36,   0,  23,  86,  94,  64,  68,  18,  31,  30,  60,  93,  26,   0,  97,   3,    0,  21, c2}]
240 [{이길  0,  0,  25,   1,  25,  76,  76,  12,  10,  17,  29,  20,  23,   0,   0,   0,   0,   1,    0,   0, 20}]
252 [{반금련  0,  0,  20,   1,  23,  71,  71,  16,  17,  38,   8,  18,  29,   0,   0,   0,   0,   2,    0,   0, 20}]
248 [{등용  0,  0,  25,   1,   6,  92,  92,  36,  34,  22,  24,  10,  26,   0,   0,   0,   0,   1,    0,   0, 20}]
 96 [{문환장  0,  0,  41,   1,  29,  75,  75,  34,  37,  92,  42,  71,  32,   0,   0,   0,   0,  16,    0,   0, a9}]
131 [{손신  0,  0,  42,   1,   6,  51,  86,  64,  49,  53,  33,  39,  55,  65,  65,  29,  97,   6,    0, 100, c4}]
172 [{진달 ec,  a,  40,   2,  26,  85,  90,  84,  66,  24,  53,  25,  36,  54,  42,   8,  99,   6,    0, 100, c5}]
217 [{손이낭 e2, 11,  41,   1,  10,  82,  82,  65,  46,  18,  34,  20,  42,  10,  90,  14,  99,   2,    0, 100, 85}]
222 [{장세개 72,  3,  38,   0,  25,  86,  86,  35,  29,  59,  35,  26,  27,  55,   8,   7, 100,   5,    0, 100, c2}]
224 [{송만 74, 11,  41,  60,  21,  71,  87,  35,  30,  34,  34,  25,  28,  35,  55,   0,  70,   1,    0, 100, c5}]
  4 [{송강  0,  0,  42,   1,  45,  86,  86,  47,  54,  76,  81, 100,  62,   0,   0,   0,   0,  25,    0,   0, a1}]
114 [{설영 8a, 11,  38,   1,   9,  91,  91,  60,  69,  48,  38,  52,  43,  89,  16,  52,  97,   2,    0, 100, c4}]
124 [{시문빈 ae,  5,  42,   1,  12,  81,  81,  35,  47,  78,  44,  60,  27,  58,  52,  38,  98,   7,    0, 100, c5}]
140 [{오치 8c, 14,  30,   1,  37,  90,  90,  41,  40,  44,  34,  20,  69,   0,   0,   0,   0,   2,    0,   0, a4}]
165 [{서방 d8,  d,  26,   1,  11,  25,  93,  41,  49,  48,  55,  18,  44,   4,   0,   0,  57,   6,    0,   0, c5}]
212 [{정승조  0,  0,  41,   1,  38,  88,  88,  36,  33,  66,  44,  25,  29,   0,   0,   0,   0,   2,    0,   0, a8}]
221 [{냉공 da, 10,  30,   1,  22,  65,  91,  31,  32,  36,  28,  42,  20,   2,   0,   7, 100,   1,    0, 100, c5}]
236 [{문중용  0,  0,  42,   1,  41,  91,  91,  58,  37,  64,  18,  35,  24,   0,   0,   0,   0,   1,    0,   3, e6}]
188 [{소양 26, 15,  41,   1,  29,  76,  76,  32,  56,  63,  35,  49,  24,   0,   0,   0,   0,   8,    0,   0, a9}]
215 [{포문영  0,  0,  31,   1,  34,  83,  83,  25,  26,  85,  32,  46,  19,   0,   0,   0,   0,  12,    0,   0, a9}]
219 [{체복 32, 11,  40,   1,  11,  25,  90,  63,  28,  37,  42,  28,  22,  73,  10,   7,  65,   2,    0,   0, c5}]
 19 [{증도 6a,  d,  41,  18,  47,  95,  95,  86,  80,  66,  68,  62,  80,  24,  97,  24, 100,  20,   25, 100, c3}]
 45 [{엽청 5c,  3,  46,   1,  20,  92,  92,  68,  64,  69,  88,  41,  65,  13,  11,  14,  95,  10,    0,  98, 85}]
 95 [{설찬  0,  8,  38,   0,  30,  89,  89,  49,  64,  44,  74,  20,  52,  61,  60,  21,  80,   1,    0, 100, c2}]
128 [{방기 b6,  6,  41,   1,  22,  65,  89,  72,  68,  52,  34,  65,  29,  19,  51,  14,  90,   9,    0, 100, c5}]
134 [{미생 de,  0,  32,   7,  39,  80,  95,  48,  72,  47,  34,  22,  69,  60,  95,   0,  98,   1,    0, 100, c5}]
 60 [{구악 14,  5,  43,   0,  30,  92,  92,  71,  52,  44,  75,  39,  61,  15,  52,  16,  91,   4,    0, 100, c2}]
 92 [{곽성 30,  3,  32,  60,  19,  91,  91,  71,  68,  52,  38,  64,  45,  18,   3,  10,  47,   4,    0, 100, c5}]
121 [{동위 68,  a,  40,   9,  45,  91,  91,  67,  50,  33,  46,  32,  53,  70,  77,  26, 100,   3,    0, 100, c5}]
123 [{임원 e8,  4,  43,   1,  34,  98,  98,  74,  48,  16,  38,  43,  50,  49,  42,  67,  80,   8,    0, 100, c5}]
  1 [{고구  0,  0,  43,   0,  23,  90,  90,  50,  54,  72,  76,  69,  79,  62,  62,   0, 100,   0,   85, 100, c0}]
 83 [{주근 10, 15,  37,   0,  24,  91,  91,  69,  46,  28,  68,  38,  47,  74,  79,  21, 100,   3,    0, 100, c2}]
159 [{유몽룡 8e,  c,  41,   1,  11,  25,  94,  63,  78,  55,  35,  31,  52,  87,  32,   7,  77,  11,    0,   0, c5}]
203 [{해보 6c, 10,  40,  60,  21,  79,  89,  61,  70,  28,  30,  29,  43,  10,   0,   0,  53,   3,    0, 100, c5}]
 49 [{황신 de,  b,  38,   0,  23,  92,  92,  69,  68,  33,  59,  43,  80,  80,  11,   5,  62,   4,    0, 100, c2}]
166 [{원소이 18,  b,  40,  60,  21,  84,  89,  77,  50,  28,  56,  40,  21,  37,  77,   0,  50,   3,    0, 100, c5}]
187 [{성본 b8, 14,  38,   0,  25,  89,  89,  51,  37,  46,  37,  20,  51,  15,  55,  14,  97,   6,    0, 100, c2}]
223 [{운종무  0,  0,  39,  13,  17,  51,  91,  50,  39,  31,  38,  24,  26,   3,  68,  76,  96,   3,    0, 100, c4}]
107 [{정득손 fc,  1,  44,   1,  10,  92,  92,  52,  69,  34,  31,  42,  64,  36,  56,  26,  82,   7,    0, 100, c5}]
193 [{맹강  c,  f,  41,   1,  12,  89,  89,  46,  75,  23,  30,  29,  46,  21,  86,  14,  97,   6,    0, 100, 85}]
196 [{항윤 78,  1,  38,   1,  22,  86,  86,  42,  53,  35,  45,  27,  32,   8,   1,  49,  89,   4,    0, 100, c5}]
233 [{이달  0,  0,  43,   1,  33,  65,  90,  25,  36,  19,  19,  38,  23,  69,  39,  59,  98,   3,    0, 100, c4}]
214 [{이입  a,  1,  38,   9,  48,  80,  80,  49,  25,  41,  24,  26,  48,  89,   9,   0,  98,   6,    0, 100, c5}]
 90 [{원낭 9c,  b,  33,   0,  24,  85,  95,  83,  84,  43,  61,  33,  54,  86,  96,   0,  79,   8,    0, 100, c2}]

Turn Offset : 1604, 5636
offset : 1604
Hero Offset : e, 14
offset : 14
103 [{증승 a4,  c,  35,  18,  47,  91,  91,  72,  29,  35,  24,  54,  62,  69,  18,  37,  97,   6,    0, 100, c5}]
242 [{구소을  0,  0,  27,   1,   7,  87,  87,  27,  32,  42,  19,  12,  40,   0,   0,   0,   0,   3,    0,   0, 20}]
 18 [{최도성  0,  0,  32,   1,   7,  91,  91,  58,  47,  36,  25,  20,  57,   0,   0,   0,   0,   3,    0,   0, 20}]
 81 [{동관  0,  0,  61,   0,  49,  94,  94,  80,  64,  46,  51,  30,  75,  11,  41,   7,  85,  24,    0, 100, c2}]
 94 [{중양 3c,  a,  40,   0,  43,  78,  88,  31,  42,  48,  63,  35,  48,  70,  65,   0,  94,   4,    0, 100, c2}]
219 [{체복 32, 11,  40,   1,  11,  40,  90,  63,  28,  37,  42,  28,  22,  73,  10,   7,  81,   2,    0,   0, c5}]
195 [{장위 5c,  e,  29,   1,  11,  40,  93,  75,  42,  44,  36,  45,  23,  13,   0,   0,  92,   6,    0,   0, c5}]
 12 [{주무 70,  0,  42,   2,  26,  90,  90,  37,  50,  91,  72,  50,  44,  42,  10,   9,  97,  14,    0, 100, c5}]
 24 [{진명 12,  2,  43,  60,  19,  97,  97,  90,  82,  29,  79,  78,  90,  72,  46,   8,  42,  16,    0, 100, c5}]
 86 [{백흠  2,  b,  38,  18,  47,  86,  96,  82,  78,  45,  67,  26,  58,  98,  26,  34,  86,   7,    0, 100, c5}]
 96 [{문환장  0,  0,  41,   1,  29,  75,  75,  34,  37,  92,  42,  71,  32,   0,   0,   0,   0,  16,    0,   0, a9}]
112 [{유당 1e,  9,  40,  60,  21,  94,  94,  75,  68,  18,  35,  27,  71,   7,  92,   0,  73,   4,    0, 100, c5}]
139 [{두흥 c0,  a,  42,   1,  34,  89,  89,  46,  34,  26,  61,  25,  37,  39,  80,  91, 100,   4,    0, 100, c5}]
 32 [{호성 6a,  2,  40,   1,  20,  95,  95,  69,  68,  77,  74,  85,  61,  24,  17,   0,  85,  13,    0,  93, 85}]
 83 [{주근 10, 15,  37,   0,  24,  91,  91,  69,  46,  28,  68,  38,  47,  74,  79,  21, 100,   3,    0, 100, c2}]
 84 [{방만춘 20,  c,  40,   1,  34,  74,  89,  66,  93,  57,  39,  66,  47,  73,  25,  13, 100,   3,    0, 100, c5}]
182 [{석용 64,  f,  40,  60,  21,  90,  90,  48,  37,  30,  33,  30,  47,  18,   3,   0,  84,   5,    0, 100, c5}]
 10 [{이준 e6,  c,  40,   9,  48,  85,  85,  61,  76,  62,  70,  81,  52,  81,  31,   0, 100,  13,   39, 100, c3}]
 55 [{전호 96,  2,  41,   1,  34,  98,  98,  85,  68,  57,  58,  41,  77,  53,  77,  19,  85,   4,    0, 100, 85}]
 58 [{선정규 fe,  f,  40,   0,  24,  95,  95,  74,  83,  52,  71,  54,  50,  21,  51,  14,  75,  11,    0, 100, c2}]
 70 [{장횡 b0,  8,  41,   1,  44,  90,  90,  61,  68,  28,  69,  45,  54,   0,   0,   0,   0,  10,    0,   0, e3}]
171 [{체택  0,  0,  34,   1,  43,  89,  89,  58,  28,  20,  52,  26,  37,   0,   0,   0,   0,   3,    0,   0, a1}]
  6 [{무송 f8, 11,  37,   1,  31, 100, 100,  95,  76,  34,  68,  55,  98,  75,  74,  63, 100,  15,    0, 100, 87}]
 26 [{경영 ac,  2,  25,   1,  20,  82,  82,  69,  88,  67,  92,  73,  77,  64,  54,  14, 100,  16,    0, 100, c5}]
161 [{장상 b8,  9,  38,   1,  12,  87,  87,  53,  35,  60,  61,  34,  23,  55,  12,   2, 100,   3,    0, 100, c5}]
217 [{손이낭 e2, 11,  41,   1,  10,  82,  82,  65,  46,  18,  34,  20,  42,  10,  90,  14, 100,   2,    0, 100, 85}]
250 [{유고  0,  0,  27,   1,  19,  80,  80,  14,  23,  68,  35,  12,  10,   0,   0,   0,   0,   2,    0,   0, 20}]
 39 [{동평 f0,  5,  40,   0,  35,  97,  97,  83,  74,  77,  82,  51,  73,  86,  76,   0,  81,  12,    0, 100, c2}]
 47 [{축표 d8,  2,  36,   1,  11,  95,  95,  79,  77,  43,  62,  51,  77,  56,  75,  53, 100,  11,    0,  96, c5}]
 97 [{왕영 2c,  8,  42,  60,  19,  90,  90,  64,  46,  24,  45,  31,  69,  53,  58,   6,  41,   3,    0, 100, c5}]
136 [{오응성 2a, 10,  30,   0,  23,  92,  92,  47,  42,  34,  24,  59,  42,   0,   0,   0,  96,   5,    0,  57, c2}]
180 [{마영  0,  0,  41,   1,   9,  83,  88,  48,  72,  71,  29,  48,  35,  32,  30,  54, 100,   8,    0, 100, c5}]
 36 [{노준의 48, 11,  42,   1,  36,  95,  95,  78,  77,  70,  68,  63,  81,   0,   0,   0,   0,  20,    0,   7, aa}]
101 [{문달 38,  4,  43,   1,  11,  92,  92,  83,  75,  21,  33,  60,  48,  13,  10,  53, 100,   7,    0,  83, c5}]
133 [{공왕 2a,  5,  41,   0,  24,  90,  90,  49,  83,  43,  40,  39,  48,  14,  59,  14,  98,   9,    0, 100, c1}]
210 [{무대  0,  0,  28,   1,  23,  70,  70,   7,   9,  18,  26,  65,   8,   0,   0,   0,   0,   1,    0,   0, 20}]
 63 [{손안  0,  0,  42,   1,  16,  96,  96,  74,  65,  68,  44,  72,  56,   0,   0,   0,   0,   8,    0,   0, b2}]
122 [{장청 60,  9,  42,   1,  10,  83,  83,  31,  32,  37,  37,  65,  29,  60,  75,  35, 100,   5,    0, 100, 85}]
151 [{계삼은  0,  0,  41,   1,  40,  90,  90,  51,  37,  43,  42,  28,  51,   0,   0,   0,   0,   2,    0,   2, eb}]
202 [{주부 a6,  f,  37,   1,   9,  80,  80,  34,  34,  64,  35,  47,  20,  25,  49,  96, 100,   2,    0, 100, 85}]
229 [{방학도  0, 13,  35,   1,  11,  40,  89,  45,  37,  44,  20,  39,  24,  13,   0,   0, 100,   4,    0,   0, c5}]
235 [{장문원 44,  0,  36,   0,  23,  77,  77,  20,  14,  35,  16,  43,  20,  48,  98,   7,  98,   5,    0, 100, c2}]
 77 [{양웅  c,  4,  40,   1,  20,  92,  92,  68,  65,  38,  41,  64,  56,  97,  30,  35, 100,   6,    0, 100, c5}]
 85 [{상청 a0,  6,  41,   1,  34,  92,  92,  58,  46,  25,  77,  26,  49,  41,  71,  14,  80,   2,    0, 100, c5}]
143 [{당빈  0,  0,  42,   1,  14,  93,  93,  73,  47,  70,  33,  24,  65,   0,   0,   0,   0,   3,    0,   0, a4}]
146 [{왕인 8a,  6,  41,   1,  31,  92,  92,  75,  71,  46,  33,  40,  49,   0,   0,   0, 100,   7,    0, 100, 85}]
165 [{서방 d8,  d,  26,   1,  11,  40,  93,  41,  49,  48,  55,  18,  44,   4,   0,   0,  73,   6,    0,   0, c5}]
230 [{장충  0,  0,  29,   1,  11,  93,  93,  65,  40,  26,  24,  15,  43,   0,   0,   0,   0,   5,    0,   0, 20}]
 90 [{원낭 9c,  b,  33,   0,  24,  90,  95,  83,  84,  43,  61,  33,  54,  86,  96,   0,  79,   8,    0, 100, c2}]
152 [{목춘  0,  0,  36,   1,  46,  89,  89,  53,  67,  49,  25,  56,  39,   0,   0,   0,   0,   9,    0,   2, eb}]
153 [{등비 cc,  6,  40,   1,  20,  93,  93,  63,  70,  16,  32,  29,  59,  99,  79,  34, 100,   2,    0, 100, 85}]
 52 [{초정 22,  4,  39,   0,  25,  94,  94,  85,  59,  22,  60,  52,  69,  32,   1,  14,  84,   2,    0, 100, c2}]
145 [{장경  0,  0,  43,  18,  47,  83,  83,  31,  59,  77,  30,  52,  40,  59,  39,  36,  98,   3,    0, 100, c5}]
233 [{이달  0,  0,  43,   1,  33,  70,  90,  25,  36,  19,  19,  38,  23,  69,  39,  59,  98,   3,    0, 100, c4}]
 33 [{석보  0,  0,  29,   1,  49,  94,  94,  84,  82,  51,  71,  65,  82,   0,   0,   0,   0,  14,    0,   0, b2}]
 69 [{장개 24,  7,  42,   0,  49,  96,  96,  68,  74,  40,  57,  46,  65,  99,  34,   7,  85,  10,    0, 100, c2}]
174 [{시은  0,  0,  36,   1,   1,  49,  79,  42,  49,  54,  39,  46,  29,  30,  70,  34, 100,   3,    0, 100, 84}]
108 [{고대수  6, 11,  47,   1,  22,  68,  83,  76,  33,  13,  25,  78,  34,  46,  19,  21,  83,   3,    0, 100, c5}]
162 [{침수  0,  0,  41,   1,  22,  88,  88,  22,  35,  47,  53,  25,  40,  50,   5,   0,  85,   2,    0, 100, 85}]
186 [{당세웅 fc,  c,  39,   0,  23,  95,  96,  81,  67,  47,  32,  14,  62,  24,  48,  14, 100,  14,    0,  46, c2}]
246 [{황문병 d4,  7,  50,   0,  49,  78,  78,  20,  27,  76,  35,  10,  21,  26,  62,  31,  99,   7,    0, 100, c2}]
141 [{하현통 f6,  e,  40,   2,  26,  75,  75,   9,  13,  81,  46,  62,  15,   0,   0,   0,  97,   6,    0, 100, 85}]
187 [{성본 b8, 14,  38,   0,  25,  89,  89,  51,  37,  46,  37,  20,  51,  15,  55,  14,  97,   6,    0, 100, c2}]
247 [{장보 60, 14,  39,   0,  23,  78,  78,  42,  28,  19,  18,  16,  29,   1,  21,  56,  99,   4,    0, 100, c2}]
255 [{반공운  0,  0,  36,   1,   5,  24,  69,  14,  11,  32,  10,  22,  10,  60,  60,  28, 100,   4,    0, 100, 84}]
237 [{위충  0,  0,  30,   1,  37,  89,  89,  35,  27,  67,  35,  29,  13,   0,   0,   0,   0,   2,    0,   0, b7}]
  7 [{양지  0,  0,  45,   1,  11,  98,  98,  91,  81,  66,  97,  58,  79,  41,  22,  42, 100,  17,    0,  80, 85}]
 15 [{추연 1a,  e,  45,   1,  22,  93,  93,  45,  49,  51,  30,  52,  38,  27,  12,  14, 100,  12,    0, 100, c4}]
 62 [{여사낭 7e,  a,  40,   1,  34,  84,  84,  62,  61,  80,  81,  24,  67,  20,  30,  14,  80,  15,    0, 100, c5}]
113 [{목홍 12,  d,  40,   1,  46,  90,  90,  62,  63,  51,  31,  60,  42,   0,   0,   0,   0,   6,    0,   2, eb}]
173 [{조정 ca,  e,  38,   1,  12,  86,  86,  53,  59,  36,  68,  20,  26,  14,  64,  28, 100,   4,    0, 100, c5}]
211 [{성희  0,  0,   8,   1,  36,  84,  84,  44,  26,  32,  32,  46,  21,   0,   0,   0,   0,   7,    0,   0, 63}]
106 [{추윤 d4, 12,  41,   1,  10,  92,  92,  52,  41,  38,  39,  42,  57,  55,  75,  28,  97,   9,    0, 100, c5}]
116 [{황문엽 ee,  d,  52,   0,  35,  77,  77,  16,  23,  75,  43,  72,  18,  77,  99,  40,   0,  10,    0,   0, e1}]
130 [{공양 96,  d,  36,   1,   6,  82,  82,  38,  34,  39,  50,  40,  38,   0,   0,   0,   0,   8,    0,   3, eb}]
138 [{구정  0,  0,  28,   1,  31,  89,  89,  47,  43,  34,  30,  63,  31,   0,   0,   0,   0,   3,    0,   0, b2}]
154 [{송청 92,  7,  40,  18,  47,  79,  79,  37,  35,  49,  44,  56,  20,  51,  47,  78,  99,   1,    0, 100, c5}]
215 [{포문영  0,  0,  31,   1,  34,  83,  83,  25,  26,  85,  32,  46,  19,   0,   0,   0,   0,  12,    0,   0, a9}]
  1 [{고구  0,  0,  43,   0,  23,  90,  90,  50,  54,  72,  76,  69,  79,  62,  62,   0, 100,   0,   85, 100, c0}]
 56 [{위정국 dc,  8,  43,   1,  11,  96,  96,  76,  82,  66,  52,  73,  51,  50,  92,  21,  99,  12,    0,  76, 85}]
 64 [{이사사 c4, 10,  35,   1,  12,  79,  79,  13,  41,  57,  60,  85,  25,  10,  15,   7, 100,  20,    0, 100, 85}]
123 [{임원 e8,  4,  43,   1,  34,  98,  98,  74,  48,  16,  38,  43,  50,  49,  42,  67,  80,   8,    0, 100, c5}]
164 [{악화  0,  0,  39,   1,   7,  76,  76,  35,  48,  71,  34,  45,  39,  95,   2,  52,  98,   2,    0, 100, c4}]
128 [{방기 b6,  6,  41,   1,  22,  55,  89,  72,  68,  52,  34,  65,  29,  29,  51,  14,  90,   9,    0, 100, c5}]
206 [{왕의  0,  0,  42,   1,  10,  76,  76,  20,  22,  68,  37,  46,  18,  20,  15,   7, 100,   4,    0, 100, 85}]
213 [{체경 24, 12,  37,   1,  10,  89,  89,  25,  29,  41,  43,  20,  35,  46,  56,   7, 100,   5,    0, 100, c5}]
 48 [{주동 54,  2,  43,   0,  29,  96,  96,  82,  57,  49,  59,  72,  53,   0,   0,   0,  10,  13,    0,  55, b6}]
194 [{곽세광 2e,  b,  29,   1,  22,  70,  92,  50,  37,  42,  46,  27,  32,   3,   0,   7,  82,   7,    0, 100, c5}]
 57 [{저형  0,  0,  37,   0,  30,  94,  94,  55,  47,  72,  63,  40,  72,  99,  52,  14,  98,   2,    0, 100, c1}]
 98 [{증괴  0,  0,  36,  18,  21,  90,  90,  72,  48,  56,  39,  60,  45,  20,  26,  79,   0,   9,    0,  11, f7}]
175 [{항원진  e, 12,  42,   0,  43,  86,  91,  57,  61,  31,  44,  19,  51,  20,  35,   0,  94,   7,    0, 100, c2}]
179 [{하길  0,  0,  32,   2,  19,  92,  92,  68,  59,  43,  35,  47,  31,   0,   0,   0,  15,   4,    0,   0, b7}]
183 [{황포단 d6,  a,  47,   1,  12,  77,  77,  25,  56,  70,  25,  52,  33,  10,  15,   7, 100,  10,    0, 100, 85}]
226 [{단삼낭 6e,  8,  30,   1,  29,  80,  80,  57,  46,  39,  26,  18,  41,   0,   0,   0,   0,   5,    0,   3, ac}]
 40 [{등원각 b2,  0,  43,   1,  31,  97,  97,  82,  79,  58,  54,  83,  68,  32,  22,  14,  93,  19,    0, 100, 85}]
 44 [{손입 e0,  3,  43,   0,  35,  96,  96,  84,  84,  47,  54,  68,  72,  75,  65,   0,  90,  12,    0, 100, c2}]
115 [{체경  0,  0,  68,   0,  11,  76,  76,  18,  37,  71,  84,  29,  20,  73,  43,  10,   0,  40,    0,   0, f3}]
132 [{원흥 26,  a,  28,   1,  35,  86,  86,  21,  25,  26,  47,  39,  41,   0,   0,   0,   0,   2,    0,   0, b7}]
 16 [{번서  0,  0,  41,   1,  32,  77,  87,  67,  54,  80,  56,  42,  40,  61,  16,  21, 100,  14,    0, 100, c4}]
155 [{당세영  0,  0,  41,   0,  25,  89,  94,  77,  60,  64,  57,  16,  46,  22,  52,  17,  98,  15,    0, 100, c1}]
198 [{어득원 f0, 10,  33,   1,  11,  40,  86,  44,  32,  35,  32,  41,  30,   4,   0,   0, 100,   3,    0,   0, c5}]
118 [{가여경 a2,  9,  33,   0,  30,  82,  87,  38,  44,  39,  66,  31,  35,  62,  25,  16,  98,   9,    0,  64, c2}]
121 [{동위 68,  a,  40,   9,  45,  91,  91,  67,  50,  33,  46,  32,  53,  70,  77,  26, 100,   3,    0, 100, c5}]
223 [{운종무  0,  0,  39,  13,  17,  56,  91,  50,  39,  31,  38,  24,  26,   3,  68,  76,  96,   3,    0,  88, c4}]
248 [{등용  0,  0,  25,   1,   6,  92,  92,  36,  34,  22,  24,  10,  26,   0,   0,   0,   0,   1,    0,   0, 20}]
 25 [{왕진 56, 10,  50,   1,  29,  87,  87,  88,  73,  71,  79,  91,  73,   0,   0,   0,   0,  17,    0,   0, b2}]
172 [{진달 ec,  a,  40,   2,  26,  90,  90,  84,  66,  24,  53,  25,  36,  54,  42,   8,  99,   6,    0, 100, c5}]
221 [{냉공 da, 10,  30,   1,  22,  70,  91,  31,  32,  36,  28,  42,  20,   2,   0,   7, 100,   1,    0, 100, c5}]
236 [{문중용  0,  0,  42,   1,  41,  91,  91,  58,  37,  64,  18,  35,  24,   0,   0,   0,   0,   1,    0,   3, e6}]
 59 [{사문공 4a, 14,  39,   0,  23,  66,  96,  96,  74,  47,  60,  33,  82,  14,  10,  60,  69,   5,    0, 100, c2}]
 78 [{호준 74,  6,  30,   0,  30,  91,  91,  43,  51,  58,  69,  52,  40,  35,  37,  15,  96,   5,    0, 100, c2}]
104 [{주귀 6c,  5,  40,  60,  21,  86,  86,  46,  41,  63,  76,  42,  22,  64,  44,   0,  80,   1,    0, 100, c5}]
114 [{설영 8a, 11,  38,   1,   9,  86,  91,  60,  69,  48,  38,  52,  43,  99,  16,  52, 100,   2,    0, 100, c4}]
184 [{포욱 ac,  d,  41,   0,  24,  85,  85,  54,  35,  12,  31,  28,  50,  77,  22,  14,  99,   3,    0, 100, c2}]
 76 [{체득장 76,  9,  37,   1,  22,  70,  94,  36,  52,  54,  55,  19,  88,  20,  35,  43,  82,  17,    0, 100, c5}]
119 [{구붕  0,  0,  40,   9,  45,  83,  93,  64,  64,  47,  39,  38,  55,  60,  87,  30,  97,   6,    0, 100, c4}]
191 [{유민 46,  3,  30,   1,  36,  91,  91,  46,  30,  38,  50,  19,  37,   0,   0,   0,   0,   5,    0,   0, b7}]
232 [{왕정륙  0,  0,  41,   1,   4,  49,  79,  36,  42,  22,  20,  38,  23,  10,  80,   7, 100,   2,    0, 100, c4}]
 93 [{여방 4c,  1,  32,  60,  19,  92,  92,  71,  67,  53,  42,  36,  68,  82,  11,   5,  45,   5,    0, 100, c4}]
212 [{정승조  0,  0,  41,   1,  38,  88,  88,  36,  33,  66,  44,  25,  29,   0,   0,   0,   0,   2,    0,   0, a8}]
225 [{장몽방  0,  0,  28,   1,  24,  80,  80,  17,  23,  46,  24,  20,  42,   0,   0,   0,   0,   2,    0,   0, 20}]
100 [{한존보 42,  8,  43,   0,  43,  84,  89,  54,  61,  47,  49,  38,  55,  50,  55,   0,  88,   4,    0, 100, c2}]
228 [{염세걸 34,  9,  48,   1,  31,  85,  96,  26,  31,  66,  44,  15,  24,  93,   9,   7,  77,  17,    0,   0, c5}]
253 [{이서란 4e,  f,  31,   1,  20,  50,  72,  13,  15,  37,  10,  24,  18,  36,  81,  14, 100,   3,    0,   0, c5}]
  3 [{사진  0,  0,  32,   2,  26,  98,  98,  97,  83,  45,  74,  69,  95,   2,  42,   5, 100,  16,   25, 100, c3}]
 74 [{호정작 e6,  1,  44,   1,  31,  97,  97,  87,  83,  44,  50,  43,  71,  34,  89,  24, 100,  14,    0, 100, c5}]
107 [{정득손 fc,  1,  44,   1,  10,  92,  92,  52,  69,  34,  31,  42,  64,  36,  56,  26,  94,   7,    0, 100, c5}]
135 [{전진붕 1c,  6,  43,   0,  49,  92,  92,  80,  67,  34,  39,  55,  31,  84,  84,   7,  77,   5,    0, 100, c2}]
144 [{사정 28,  2,  36,   1,  11,  40,  90,  51,  41,  49,  51,  32,  39,  49,  77,   7,  73,   8,    0,   0, c5}]
167 [{정천수 72,  e,  38,  60,  21,  91,  91,  48,  50,  53,  24,  48,  44,  40,  10,   0,  63,   5,    0, 100, c5}]
 80 [{황안  0,  0,  28,   1,  20,  85,  85,  52,  27,  31,  70,  35,  53,   0,   0,   0,   0,   7,    0,   0, 20}]
109 [{소정  0,  0,  42,  18,  30,  71,  91,  70,  70,  46,  40,  32,  64,  61,  80,  45,   0,   9,    0,   0, e1}]
166 [{원소이 18,  b,  40,  60,  21,  89,  89,  77,  50,  28,  56,  40,  21,  37,  77,   0, 100,   3,    0, 100, c5}]
245 [{백승 6e, 13,  42,  60,  21,  75,  75,  30,  24,  20,  24,  23,  20,  78,  88,  14,  97,   1,    0, 100, c5}]
227 [{안사영  0,  0,  38,   1,  25,  91,  91,  47,  42,  40,  43,  29,  13,   0,   0,   0,   0,   2,    0,   0, a1}]
  5 [{임충 5a,  0,  48,   1,  12,  98,  98,  93,  78,  54, 100,  61,  80,  71,   9,  10,  84,  24,    0, 100, c5}]
 20 [{축용  0,  0,  41,   1,  31,  91,  91,  73,  57,  54,  46,  50,  85,  96,  40,  14, 100,  15,    0, 100, c5}]
 66 [{방납 66, 12,  44,   1,  38,  85,  85,  54,  38,  65,  32,  65,  73,   0,   0,   0,   0,   4,    0,   0, b7}]
 89 [{대종 c8,  b,  46,   0,  49,  88,  88,  48,  78,  70,  51,  68,  30,  51,   1,  47,  99,  10,    0, 100, c1}]
 91 [{저능 e2,  6,  36,   0,  30,  91,  91,  37,  33,  33,  49,  61,  37,  56,  41,  14,  86,   6,    0, 100, c2}]
129 [{마인  0,  0,  40,   9,  36,  66,  91,  69,  69,  60,  40,  29,  59,  50,  42,  28,  96,   9,    0, 100, c4}]
 31 [{장청 c8,  0,  42,   1,  11,  94,  94,  70,  94,  51,  72,  66,  83,  27,  10,  66, 100,  14,    0,  85, c5}]
 34 [{자진 bc,  f,  48,   1,   5,  86,  86,  62,  69,  75,  75,  94,  49,   0,   0,   0,   0,  18,    0,  10, ea}]
 67 [{이운 c4,  5,  41,   0,  35,  96,  96,  76,  71,  38,  42,  73,  54,  61,  31,   0,  78,   3,    0, 100, c2}]
188 [{소양 26, 15,  41,   1,  29,  76,  76,  32,  56,  63,  35,  49,  24,   0,   0,   0,   0,   8,    0,   0, a9}]
199 [{김대견 14, 10,  48,   1,  36,  78,  78,  32,  50,  67,  25,  44,  34,   0,   0,   0,   0,   8,    0,   0, a8}]
254 [{백수영  0,  0,  33,   1,  42,  70,  70,  26,  23,  32,  10,  23,  14,   0,   0,   0,   0,   3,    0,   0, ad}]
 54 [{교열  0,  0,  41,   1,  18,  88,  88,  45,  58,  87,  60,  72,  45,   0,   0,   0,   0,  10,    0,   0, b7}]
 72 [{서영  0,  0,  41,   0,  35,  93,  93,  83,  65,  47,  54,  53,  58,  10,  20,   7,  99,  11,    0, 100, c1}]
 29 [{변상 c2,  2,  35,   1,  20,  98,  98,  89,  78,  35,  66,  72,  87,  73,  39,  21,  75,  14,    0, 100, c5}]
 43 [{고염 5e,  6,  40,   0,  35,  94,  94,  75,  50,  84,  67,  46,  82,  95,  65,   0,  84,  19,    0, 100, c2}]
190 [{이곤 9e,  e,  39,  18,  30,  74,  94,  46,  54,  47,  45,  27,  34,  36,  67,  25,   0,   5,    0,   0, e1}]
 28 [{소가수  0,  0,  39,   1,  34,  97,  97,  82,  77,  68,  87,  70,  73,  84,  47,   7,  79,  16,    0, 100, 85}]
197 [{우옥린  0,  0,  37,  13,  14,  55,  90,  50,  51,  53,  47,  31,  26,  81,  26,  47, 100,   4,    0, 100, c4}]
147 [{능진 a6,  4,  37,   0,  25,  93,  93,  35,  92,  59,  40,  52,  29,  82,  86,  17,  84,   3,    0, 100, c2}]
218 [{시천 f4,  b,  43,  13,  13,  76,  86,  35,  38,  52,  40,  26,  29,  62,  52,  14,  99,   5,    0, 100, c5}]
 27 [{허관충  0,  0,  39,   1,   3,  96,  96,  69,  68,  86,  75,  88,  79,   0,   0,   0,   0,  21,    0,   0, a9}]
 99 [{장순  0,  0,  38,   1,  44,  91,  91,  60,  61,  46,  59,  35,  48,   0,   0,   0,   0,   8,    0,   0, e6}]
170 [{욱보사 30,  e,  41,   1,  12,  95,  95,  58,  35,  14,  33,  45,  38,  71,  26,  28, 100,   1,    0, 100, 85}]
224 [{송만 74, 11,  41,  60,  21,  76,  87,  35,  30,  34,  34,  25,  28,  35,  55,   0,  70,   1,    0, 100, c5}]
 17 [{왕윤  0,  0,  31,   1,  10,  90,  90,  23,  19,  51,  53,  36,  62,   0,   0,   0,   0,  15,    0,   0, 20}]
137 [{전표 62,  1,  38,  13,  13,  68,  93,  78,  57,  38,  34,  28,  62,  92,  82,  28,  94,   1,    0, 100, c5}]
  4 [{송강  0,  0,  42,   1,  45,  86,  86,  47,  54,  76,  81, 100,  62,   0,   0,   0,   0,  25,    0,   0, a1}]
 51 [{장숙야 f6,  3,  38,   0,  35,  82,  82,  22,  32,  60,  60,  79,  42,  24,  69,   0,  85,  21,    0, 100, c2}]
 82 [{산사기  0,  0,  43,   1,  28,  94,  94,  84,  82,  54,  54,  30,  71,   0,   0,   0,   0,  12,    0,   3, ab}]
117 [{동증 38,  f,  40,   0,  43,  93,  93,  73,  76,  36,  58,  29,  45,  70,  70,   0,  98,   3,    0, 100, c1}]
181 [{탕융  0,  0,  38,   1,   5,  92,  92,  47,  75,  68,  48,  34,  29,   0,   0,   0,   0,   7,    0,   0, a8}]
204 [{오이  0,  0,  51,   1,   3,  76,  91,  50,  58,  63,  37,  16,  49,  72,  42,   0,  94,   9,    0, 100, 84}]
 22 [{화영  0,  0,  36,  60,  19,  99,  99,  92,  96,  77,  91,  75,  84,  34,  47,   6,  75,  17,    0, 100, c5}]
 49 [{황신 de,  b,  38,   0,  23,  92,  92,  69,  68,  33,  59,  43,  80,  80,  11,   5,  62,   4,    0, 100, c2}]
 61 [{방경  0,  0,  42,  60,  21,  90,  90,  68,  59,  54,  76,  36,  62,  85,  55,   0,  67,   2,   45, 100, c3}]
 73 [{호현 48,  6,  42,   0,  30,  89,  89,  40,  54,  51,  49,  70,  45,  79,  47,  47,  84,   2,    0,  64, c2}]
105 [{비보 a8,  7,  42,   1,  31,  94,  94,  78,  65,  44,  71,  25,  43,  40,  63,  14, 100,   8,    0, 100, 85}]
214 [{이입  a,  1,  38,   9,  48,  80,  80,  49,  25,  41,  24,  26,  48,  89,   9,   0, 100,   6,    0, 100, c5}]
  9 [{이응 ee,  2,  44,   1,  20,  93,  93,  70,  87,  62,  60,  71,  79,  70,  33,  73, 100,  15,    0, 100, c5}]
126 [{증삭  8,  9,  36,  18,  47,  92,  92,  43,  45,  36,  41,  36,  53,  16,  42,  46,  97,   8,    0, 100, c5}]
168 [{증밀 8c,  9,  39,  18,  30,  61,  91,  52,  40,  42,  39,  45,  32,  47,  40,  48,   0,   6,    0,   0, e1}]
193 [{맹강  c,  f,  41,   1,  12,  89,  89,  46,  75,  23,  30,  29,  46,  21,  86,  14, 100,   6,    0, 100, 85}]
196 [{항윤 78,  1,  38,   1,  22,  86,  86,  42,  53,  35,  45,  27,  32,   8,   1,  49,  89,   4,    0, 100, c5}]
 75 [{축호 82,  5,  38,   1,  34,  92,  92,  64,  69,  46,  50,  72,  41,   7,  69,  56, 100,  10,    0, 100, c4}]
176 [{양임 54,  d,  38,   1,  20,  94,  94,  75,  62,  24,  46,  29,  38,  36,  89,  21, 100,   5,    0, 100, c5}]
178 [{학사문 d2,  4,  41,   0,  18,  93,  93,  68,  79,  63,  45,  32,  36,  77,  54,  42,   0,   8,    0,  19, f6}]
124 [{시문빈 ae,  5,  42,   1,  12,  81,  81,  35,  47,  78,  44,  60,  27,  58,  52,  38, 100,   7,    0, 100, c5}]
134 [{미생 de,  0,  32,   7,  39,  85,  95,  48,  72,  47,  34,  22,  69,  60,  95,   0,  98,   1,    0, 100, c5}]
192 [{구혈 fa,  9,  44,   1,   9,  86,  86,  27,  54,  70,  50,  22,  34,  90,  75,   0,  96,   9,    0, 100, 85}]
216 [{배여해  0,  0,  23,   1,   5,  76,  76,  10,  16,  53,  15,  70,  11,   0,   0,   0,   0,   6,    0,   0, 20}]
241 [{서문경  0,  0,  26,   1,  23,  79,  79,  27,  32,  58,  14,  32,  25,   0,   0,   0,   0,  10,    0,   0, 20}]
 41 [{방걸 76, 14,  28,   1,  41,  96,  96,  85,  74,  63,  70,  39,  94,   0,   0,   0,   0,  11,    0,   0, b0}]
 87 [{석수  6,  6,  39,   1,  31,  92,  92,  71,  77,  35,  31,  64,  56,  42,  52,  35, 100,   2,    0, 100, 85}]
200 [{방모 92, 12,  41,   9,  48,  94,  94,  83,  59,  62,  48,  20,  34,  42,  22,   0, 100,   2,    0, 100, c5}]
 45 [{엽청 5c,  3,  46,   1,  20,  92,  92,  68,  64,  69,  88,  41,  65,  13,  11,  14, 100,  10,    0,  98, 85}]
 95 [{설찬  0,  8,  38,   0,  30,  89,  89,  49,  64,  44,  74,  20,  52,  61,  60,  21,  80,   1,    0, 100, c2}]
 30 [{난정옥  0,  0,  48,   1,  20,  94,  94,  87,  79,  47,  76,  66,  81,   6,  15,   8, 100,  13,    0, 100, c7}]
 65 [{뇌횡 90,  4,  42,   0,  35,  95,  95,  78,  61,  38,  83,  32,  55,  52,  32,   0,  76,  12,    0, 100, c2}]
125 [{양춘 36,  1,  39,   2,  26,  90,  90,  57,  53,  23,  32,  37,  61,  48,  92,   9, 100,   4,    0, 100, c5}]
149 [{전표 40,  5,  36,   0,  23,  91,  94,  64,  68,  18,  31,  30,  60,  93,  26,   0,  97,   3,    0,  21, c2}]
222 [{장세개 72,  3,  38,   0,  25,  86,  86,  35,  29,  59,  35,  26,  27,  55,   8,   7, 100,   5,    0, 100, c2}]
251 [{모중의 46,  e,  40,   1,   7,  72,  87,  28,  19,  58,  12,  18,  27,  20,  95,   0,  98,   7,    0, 100, 85}]
 19 [{증도 6a,  d,  41,  18,  47,  95,  95,  86,  80,  66,  68,  62,  80,  24,  97,  24, 100,  20,   25, 100, c3}]
140 [{오치 8c, 14,  30,   1,  37,  90,  90,  41,  40,  44,  34,  20,  69,   0,   0,   0,   0,   2,    0,   0, a4}]
 60 [{구악 14,  5,  43,   0,  30,  92,  92,  71,  52,  44,  75,  39,  61,  15,  52,  16,  91,   4,    0, 100, c2}]
185 [{도종왕  0,  0,  42,   1,  36,  95,  95,  67,  41,  13,  50,  33,  26,   0,   0,   0,   0,   4,    0,   0, a4}]
203 [{해보 6c, 10,  40,  60,  21,  84,  89,  61,  70,  28,  30,  29,  43,  10,   0,   0,  53,   3,    0, 100, c5}]
231 [{온극양 dc, 13,  32,   1,  11,  40,  91,  45,  36,  50,  22,  35,  25,   2,   0,   0, 100,   6,    0,   0, c5}]
249 [{이귀  0,  0,  41,   1,   8,  48,  78,  23,  15,  14,  17,  14,  28,  30,  49,   0,  94,   1,    0, 100, c4}]
252 [{반금련  0,  0,  20,   1,  23,  71,  71,  16,  17,  38,   8,  18,  29,   0,   0,   0,   0,   2,    0,   0, 20}]
  2 [{노지심 e8,  f,  50,   1,  12, 100, 100, 100,  72,  47,  63,  74,  88,   0,  96,  42,   0,  15,  349,  97, 83}]
 35 [{오용 3e,  2,  48,  60,  19,  80,  80,  44,  40,  95,  86,  70,  58,  68,   0,   7,  29,  19,    0, 100, c5}]
 50 [{나진인 20,  1,  76,   1,  20,  92,  92,  16,  60,  93,  61,  80,  40,   0,   0,   0,  42,  50,    0,   0, c5}]
 71 [{왕환 56,  5,  53,   0,  30,  96,  96,  83,  80,  42,  77,  41,  50,  94,  20,  12,  90,  11,    0, 100, c2}]
110 [{양전 f2,  8,  49,   0,  30,  84,  84,  25,  22,  75,  77,  28,  29,  40,  11,  38,  91,  35,    0, 100, c2}]
150 [{후건 3e,  d,  41,   1,  46,  78,  78,  36,  54,  47,  38,  51,  32,   0,   0,   0,   0,   6,    0,   0, e8}]
201 [{두천 a0, 11,  40,  60,  21,  74,  84,  39,  35,  39,  46,  27,  29,  31,  21,   0,  55,   4,    0, 100, c5}]
220 [{포도을 e0,  e,  32,   1,  43,  83,  83,  47,  83,  80,  46,  15,  30,   0,   0,   0,   0,   8,    0,   0, f5}]
 14 [{배선  0,  0,  43,  13,  13,  82,  87,  50,  49,  73,  45,  68,  49,  77,  78,  74, 100,  12,   25, 100, c3}]
 37 [{연청 f4,  0,  34,   1,  20,  91,  91,  71,  84,  65,  90,  54,  65,  20,   7,  14, 100,  18,    0, 100, 85}]
160 [{정지서  0,  0,  40,   1,  35,  84,  84,  27,  65,  63,  48,  27,  40,   0,   0,   0,   0,   3,    0,   0, a9}]
 42 [{호삼낭 9e,  3,  31,   1,  31,  85,  85,  68,  81,  51,  70,  72,  59,  51,  26,  21,  93,   9,    0, 100, 85}]
120 [{범전 be,  7,  38,   1,  34,  82,  82,  49,  46,  58,  46,  67,  18,  73,  57,   8, 100,   6,    0, 100, c5}]
131 [{손신  0,  0,  42,   1,   6,  51,  86,  64,  49,  53,  33,  39,  55,  75,  65,  29, 100,   6,    0, 100, c4}]
169 [{오복 a2, 14,  27,   9,  48,  78,  88,  43,  34,  47,  55,  20,  41,  41,  11,   0, 100,   4,    0, 100, c5}]
156 [{공빈  0,  0,  56,   1,   6,  79,  79,  26,  18,  42,  42,  55,  22,   0,   0,   0,   0,  10,    0,   4, aa}]
208 [{경공  0,  0,  40,   0,  43,  86,  86,  34,  23,  72,  46,  34,  20,   0,  80,   0,  97,   4,    0, 100, c2}]
239 [{여심 42, 13,  41,   0,  25,  77,  77,  16,  31,  69,  25,  36,  13,  92,  37,  16,  84,   3,    0, 100, c2}]
244 [{하청 9a, 13,  39,   1,  29,  82,  82,  28,  19,  33,  19,  13,  38,   0,   0,   0,   0,   4,    0,   0, a4}]
 46 [{색초 80,  d,  37,   0,  25,  96,  96,  77,  85,  47,  62,  41,  89,  51,  56,  21,  82,  11,    0, 100, c2}]
 68 [{유문충 ca,  3,  40,   1,  31,  92,  92,  80,  77,  57,  84,  29,  56,  34,   2,  34,  99,   5,    0, 100, 85}]
148 [{동맹  0,  0,  37,   9,  48,  89,  89,  65,  50,  30,  35,  27,  59,  94,  74,   0, 100,   4,    0, 100, c5}]
234 [{이회 68, 15,  33,   0,  23,  89,  89,  46,  31,  27,  37,  24,  19,  11,  11,   0,  99,   2,    0, 100, c2}]
238 [{방천정 5e, 11,  20,   9,  48,  93,  93,  54,  38,  67,  34,  20,  22,  66,  66,   0,  85,   2,    0, 100, c5}]
243 [{마만리  0,  0,  41,   0,  24,  83,  83,  20,  19,  21,  18,  39,  13,  60,  75,   0, 100,   4,    0, 100, c2}]
 11 [{조개 ec, 15,  52,   1,  20,  89,  89,  73,  55,  70,  96,  68,  76,  50,  25,  14,  49,  23,    0,   0, c5}]
163 [{공명  4,  e,  38,   1,  12,  81,  81,  35,  53,  37,  51,  35,  32,  72,  82,  14, 100,   5,    0, 100, c5}]
177 [{원소오 88,  e,  38,  60,  21,  88,  88,  77,  48,  31,  52,  24,  37,  95,  55,   0,  56,   2,    0, 100, c5}]
207 [{엽춘 c2,  d,  40,   1,  31,  83,  83,  39,  72,  53,  49,  36,  15,   0,   0,   0,  85,   7,    0, 100, c5}]
 53 [{공손승 64,  4,  52,   0,  23,  84,  84,  54,  72,  90,  45,  81,  54,  58,  79,   9,  58,  18,    0, 100, c2}]
142 [{왕경 94,  a,  42,   9,  45,  96,  96,  68,  78,  54,  31,  29,  63,  47,  69,   8,  92,  10,    0, 100, c5}]
157 [{우방희 50,  7,  40,   0,  24,  91,  91,  50,  67,  24,  50,  33,  36,  90,  98,  21,  92,   5,    0, 100, c2}]
  8 [{이규  0,  0,  41,   7,  39,  99,  99,  99,  56,  15,  59,  24, 100,  20,  85,   0, 100,  13,   20, 100, c3}]
 21 [{이충 7c, 12,  45,   1,  10,  90,  90,  64,  52,  44,  50,  55,  43,  90,  90,  28, 100,   3,    0, 100, 84}]
 38 [{숙원경 d0,  c,  57,   0,  25,  78,  78,  29,  30,  75,  73,  94,  40,   6,  75,   6,  85,  30,    0, 100, c2}]
 88 [{한도 66,  7,  41,   1,  34,  93,  93,  80,  68,  61,  43,  42,  66,  54,  61,   6,  96,  13,    0, 100, c5}]
205 [{단경주  0,  0,  40,   1,   2,  64,  84,  45,  41,  27,  28,  31,  42,  10,  20,   0,  99,   1,    0, 100, 84}]
 79 [{두미  2, 16,  39,   1,  42,  96,  96,  71,  86,  60,  48,  34,  76,   0,   0,   0,   0,   8,    0,   0, a8}]
158 [{안도전 ba,  c,  46,   1,  31,  76,  76,  28,  52,  78,  38,  54,  27,   0,   0,   0,  75,  18,    0, 100, 85}]
209 [{하도 4a,  9,  41,   1,  10,  78,  78,  48,  34,  43,  44,  18,  38,  72,  96,  20, 100,   3,    0, 100, c5}]
240 [{이길  0,  0,  25,   1,  25,  76,  76,  12,  10,  17,  29,  20,  23,   0,   0,   0,   0,   1,    0,   0, 20}]
 23 [{관승 fe,  4,  46,   1,  11,  97,  97,  95,  82,  66,  75,  90,  83,  81,  55,  53, 100,  17,    0,  88, c7}]
102 [{선찬 58,  8,  42,   0,  30,  84,  94,  70,  80,  52,  63,  20,  58,  41,  64,  28,  98,   9,    0, 100, c2}]
127 [{원소칠 ce,  9,  37,  60,  21,  87,  87,  74,  47,  39,  50,  42,  38,   4,  44,   0,  57,   2,    0, 100, c5}]
159 [{유몽룡 8e,  c,  41,   1,  11,  40,  94,  63,  78,  55,  35,  31,  52,  87,  32,   7, 100,  11,    0,   0, c5}]
 13 [{연순 16,  8,  40,  60,  19,  89,  89,  47,  70,  23,  46,  41,  60,  76,  71,  10,  46,  13,    0, 100, c5}]
 92 [{곽성 30,  3,  32,  60,  19,  91,  91,  71,  68,  52,  38,  64,  45,  18,   3,  10,  47,   4,    0, 100, c5}]
111 [{주통  0,  0,  38,   1,  12,  85,  85,  57,  47,  31,  62,  31,  41,  65,  99,   7, 100,   1,    0, 100, c5}]
189 [{해진 d2,  f,  42,  60,  21,  88,  88,  62,  68,  33,  26,  54,  27,   0,   0,   0,  59,   3,    0, 100, c5}]
